ALTA FLORESTA MAGLISN-04 <077> 1 Min. Reported data

 DD MM YYYY  HH MM   D(Deg)  H(nT)   Z(nT)   I(Deg)   F(nT)

 18 03 2015  00 00  -17.6866 23777.9 -03354.3 -08.0297 24013.3
 18 03 2015  00 01  -17.6863 23778.5 -03354.6 -08.0301 24013.9
 18 03 2015  00 02  -17.6856 23778.6 -03354.9 -08.0307 24014.1
 18 03 2015  00 03  -17.6853 23777.8 -03355.2 -08.0317 24013.3
 18 03 2015  00 04  -17.6848 23776.5 -03355.7 -08.0334 24012.1
 18 03 2015  00 05  -17.6844 23775.6 -03355.7 -08.0338 24011.2
 18 03 2015  00 06  -17.6828 23775.6 -03355.6 -08.0335 24011.2
 18 03 2015  00 07  -17.6816 23775.7 -03355.4 -08.0329 24011.3
 18 03 2015  00 08  -17.6805 23776.3 -03355.3 -08.0324 24011.9
 18 03 2015  00 09  -17.6782 23778.9 -03354.4 -08.0295 24014.3
 18 03 2015  00 10  -17.6758 23780.4 -03354.6 -08.0294 24015.9
 18 03 2015  00 11  -17.6709 23785.6 -03352.9 -08.0238 24020.8
 18 03 2015  00 12  -17.6689 23790.9 -03352.5 -08.0209 24025.9
 18 03 2015  00 13  -17.6686 23793.8 -03352.9 -08.0209 24028.9
 18 03 2015  00 14  -17.6678 23795.3 -03353.3 -08.0215 24030.4
 18 03 2015  00 15  -17.6674 23795.6 -03354.2 -08.0235 24030.8
 18 03 2015  00 16  -17.6693 23794.3 -03355.3 -08.0266 24029.7
 18 03 2015  00 17  -17.6707 23792.5 -03355.9 -08.0286 24028.0
 18 03 2015  00 18  -17.6702 23791.4 -03356.4 -08.0300 24027.0
 18 03 2015  00 19  -17.6714 23789.1 -03356.7 -08.0317 24024.7
 18 03 2015  00 20  -17.6725 23788.9 -03356.7 -08.0315 24024.5
 18 03 2015  00 21  -17.6718 23790.4 -03355.9 -08.0293 24025.9
 18 03 2015  00 22  -17.6727 23789.4 -03356.2 -08.0302 24025.0
 18 03 2015  00 23  -17.6722 23790.4 -03355.9 -08.0292 24025.9
 18 03 2015  00 24  -17.6713 23792.9 -03355.2 -08.0268 24028.3
 18 03 2015  00 25  -17.6729 23794.5 -03355.4 -08.0267 24029.9
 18 03 2015  00 26  -17.6757 23795.8 -03355.4 -08.0263 24031.3
 18 03 2015  00 27  -17.6779 23796.7 -03355.4 -08.0260 24032.1
 18 03 2015  00 28  -17.6796 23795.8 -03356.6 -08.0291 24031.4
 18 03 2015  00 29  -17.6811 23794.8 -03356.7 -08.0297 24030.4
 18 03 2015  00 30  -17.6821 23793.5 -03357.0 -08.0307 24029.2
 18 03 2015  00 31  -17.6825 23792.8 -03357.0 -08.0309 24028.5
 18 03 2015  00 32  -17.6832 23792.6 -03356.8 -08.0306 24028.3
 18 03 2015  00 33  -17.6845 23793.1 -03356.6 -08.0300 24028.7
 18 03 2015  00 34  -17.6855 23794.2 -03356.2 -08.0286 24029.7
 18 03 2015  00 35  -17.6877 23793.0 -03356.7 -08.0302 24028.6
 18 03 2015  00 36  -17.6885 23791.5 -03357.0 -08.0315 24027.1
 18 03 2015  00 37  -17.6880 23790.1 -03357.2 -08.0323 24025.8
 18 03 2015  00 38  -17.6861 23789.2 -03356.8 -08.0316 24024.9
 18 03 2015  00 39  -17.6840 23789.1 -03356.4 -08.0309 24024.7
 18 03 2015  00 40  -17.6829 23789.7 -03356.3 -08.0304 24025.3
 18 03 2015  00 41  -17.6811 23790.4 -03355.5 -08.0284 24025.9
 18 03 2015  00 42  -17.6794 23790.5 -03355.7 -08.0286 24026.0
 18 03 2015  00 43  -17.6788 23789.5 -03356.3 -08.0305 24025.1
 18 03 2015  00 44  -17.6775 23788.3 -03356.5 -08.0313 24024.0
 18 03 2015  00 45  -17.6744 23787.8 -03356.4 -08.0313 24023.4
 18 03 2015  00 46  -17.6701 23787.8 -03355.9 -08.0301 24023.3
 18 03 2015  00 47  -17.6651 23788.3 -03355.9 -08.0300 24023.9
 18 03 2015  00 48  -17.6611 23789.4 -03355.4 -08.0284 24024.8
 18 03 2015  00 49  -17.6592 23790.7 -03355.4 -08.0279 24026.2
 18 03 2015  00 50  -17.6581 23792.2 -03355.1 -08.0267 24027.6
 18 03 2015  00 51  -17.6564 23793.6 -03355.5 -08.0272 24029.0
 18 03 2015  00 52  -17.6545 23794.8 -03355.0 -08.0255 24030.2
 18 03 2015  00 53  -17.6531 23795.6 -03355.2 -08.0258 24031.0
 18 03 2015  00 54  -17.6516 23796.1 -03355.6 -08.0266 24031.6
 18 03 2015  00 55  -17.6500 23796.3 -03355.7 -08.0269 24031.8
 18 03 2015  00 56  -17.6488 23796.8 -03355.9 -08.0270 24032.2
 18 03 2015  00 57  -17.6482 23797.5 -03356.0 -08.0271 24032.9
 18 03 2015  00 58  -17.6477 23798.2 -03355.9 -08.0267 24033.6
 18 03 2015  00 59  -17.6480 23798.9 -03356.0 -08.0267 24034.4
 18 03 2015  01 00  -17.6474 23800.0 -03355.9 -08.0259 24035.4
 18 03 2015  01 01  -17.6462 23801.0 -03355.8 -08.0254 24036.4
 18 03 2015  01 02  -17.6450 23802.3 -03355.7 -08.0248 24037.7
 18 03 2015  01 03  -17.6444 23802.9 -03355.9 -08.0251 24038.3
 18 03 2015  01 04  -17.6435 23803.3 -03356.0 -08.0252 24038.7
 18 03 2015  01 05  -17.6427 23803.2 -03356.4 -08.0260 24038.6
 18 03 2015  01 06  -17.6426 23803.0 -03356.5 -08.0265 24038.5
 18 03 2015  01 07  -17.6412 23803.0 -03356.6 -08.0266 24038.5
 18 03 2015  01 08  -17.6397 23802.6 -03357.0 -08.0276 24038.2
 18 03 2015  01 09  -17.6393 23801.6 -03357.1 -08.0284 24037.2
 18 03 2015  01 10  -17.6384 23801.1 -03357.3 -08.0290 24036.7
 18 03 2015  01 11  -17.6369 23800.8 -03357.2 -08.0287 24036.4
 18 03 2015  01 12  -17.6357 23800.1 -03357.3 -08.0294 24035.7
 18 03 2015  01 13  -17.6351 23799.6 -03357.6 -08.0301 24035.2
 18 03 2015  01 14  -17.6352 23799.7 -03357.5 -08.0299 24035.4
 18 03 2015  01 15  -17.6357 23799.7 -03357.4 -08.0297 24035.4
 18 03 2015  01 16  -17.6361 23799.7 -03357.6 -08.0302 24035.4
 18 03 2015  01 17  -17.6358 23800.0 -03357.5 -08.0297 24035.7
 18 03 2015  01 18  -17.6349 23800.5 -03357.3 -08.0291 24036.2
 18 03 2015  01 19  -17.6339 23800.5 -03357.3 -08.0292 24036.1
 18 03 2015  01 20  -17.6326 23800.3 -03357.4 -08.0295 24036.0
 18 03 2015  01 21  -17.6311 23800.3 -03357.4 -08.0295 24036.0
 18 03 2015  01 22  -17.6293 23800.4 -03357.3 -08.0292 24036.1
 18 03 2015  01 23  -17.6270 23800.6 -03357.2 -08.0288 24036.2
 18 03 2015  01 24  -17.6253 23800.8 -03357.2 -08.0288 24036.4
 18 03 2015  01 25  -17.6246 23801.1 -03357.3 -08.0288 24036.7
 18 03 2015  01 26  -17.6253 23801.2 -03357.5 -08.0293 24036.8
 18 03 2015  01 27  -17.6256 23801.4 -03357.5 -08.0294 24037.1
 18 03 2015  01 28  -17.6254 23801.8 -03357.4 -08.0290 24037.5
 18 03 2015  01 29  -17.6252 23802.2 -03357.4 -08.0289 24037.8
 18 03 2015  01 30  -17.6244 23802.5 -03357.4 -08.0287 24038.1
 18 03 2015  01 31  -17.6239 23803.0 -03357.4 -08.0285 24038.6
 18 03 2015  01 32  -17.6236 23803.3 -03357.2 -08.0279 24038.8
 18 03 2015  01 33  -17.6234 23803.6 -03357.4 -08.0283 24039.3
 18 03 2015  01 34  -17.6230 23803.9 -03357.1 -08.0276 24039.5
 18 03 2015  01 35  -17.6223 23804.1 -03357.3 -08.0281 24039.7
 18 03 2015  01 36  -17.6213 23804.1 -03357.3 -08.0279 24039.7
 18 03 2015  01 37  -17.6204 23804.0 -03357.1 -08.0276 24039.5
 18 03 2015  01 38  -17.6199 23804.1 -03357.2 -08.0278 24039.7
 18 03 2015  01 39  -17.6199 23804.4 -03357.1 -08.0274 24039.9
 18 03 2015  01 40  -17.6203 23804.4 -03357.3 -08.0278 24040.0
 18 03 2015  01 41  -17.6208 23804.3 -03357.3 -08.0279 24039.9
 18 03 2015  01 42  -17.6214 23804.0 -03357.5 -08.0285 24039.7
 18 03 2015  01 43  -17.6217 23804.2 -03357.8 -08.0290 24039.9
 18 03 2015  01 44  -17.6213 23804.5 -03357.3 -08.0279 24040.1
 18 03 2015  01 45  -17.6209 23804.7 -03357.3 -08.0277 24040.3
 18 03 2015  01 46  -17.6203 23804.9 -03357.2 -08.0275 24040.5
 18 03 2015  01 47  -17.6192 23805.0 -03357.1 -08.0272 24040.6
 18 03 2015  01 48  -17.6188 23805.1 -03357.0 -08.0270 24040.6
 18 03 2015  01 49  -17.6188 23805.2 -03357.1 -08.0272 24040.8
 18 03 2015  01 50  -17.6186 23805.4 -03357.0 -08.0269 24040.9
 18 03 2015  01 51  -17.6192 23805.7 -03357.1 -08.0269 24041.3
 18 03 2015  01 52  -17.6196 23805.9 -03357.3 -08.0274 24041.5
 18 03 2015  01 53  -17.6203 23805.7 -03357.4 -08.0277 24041.3
 18 03 2015  01 54  -17.6207 23805.3 -03357.6 -08.0282 24040.9
 18 03 2015  01 55  -17.6210 23805.2 -03357.7 -08.0285 24040.8
 18 03 2015  01 56  -17.6212 23805.2 -03357.5 -08.0281 24040.8
 18 03 2015  01 57  -17.6218 23805.7 -03357.3 -08.0275 24041.2
 18 03 2015  01 58  -17.6231 23806.3 -03357.3 -08.0272 24041.9
 18 03 2015  01 59  -17.6239 23807.0 -03357.2 -08.0268 24042.6
 18 03 2015  02 00  -17.6234 23807.7 -03357.0 -08.0260 24043.2
 18 03 2015  02 01  -17.6222 23807.9 -03357.1 -08.0262 24043.5
 18 03 2015  02 02  -17.6213 23807.8 -03357.2 -08.0265 24043.4
 18 03 2015  02 03  -17.6196 23807.7 -03357.2 -08.0266 24043.3
 18 03 2015  02 04  -17.6178 23807.5 -03357.1 -08.0262 24043.1
 18 03 2015  02 05  -17.6169 23807.9 -03356.9 -08.0258 24043.4
 18 03 2015  02 06  -17.6166 23808.7 -03356.9 -08.0255 24044.1
 18 03 2015  02 07  -17.6159 23810.0 -03356.7 -08.0245 24045.4
 18 03 2015  02 08  -17.6157 23811.6 -03356.4 -08.0234 24047.0
 18 03 2015  02 09  -17.6166 23814.1 -03356.1 -08.0219 24049.4
 18 03 2015  02 10  -17.6179 23816.0 -03356.4 -08.0218 24051.3
 18 03 2015  02 11  -17.6187 23817.8 -03356.4 -08.0212 24053.1
 18 03 2015  02 12  -17.6197 23819.9 -03356.2 -08.0200 24055.2
 18 03 2015  02 13  -17.6215 23822.1 -03356.2 -08.0194 24057.3
 18 03 2015  02 14  -17.6225 23824.0 -03356.3 -08.0189 24059.3
 18 03 2015  02 15  -17.6232 23826.4 -03356.1 -08.0178 24061.6
 18 03 2015  02 16  -17.6251 23827.8 -03356.5 -08.0181 24063.1
 18 03 2015  02 17  -17.6282 23829.8 -03356.3 -08.0171 24065.0
 18 03 2015  02 18  -17.6315 23831.5 -03356.7 -08.0174 24066.7
 18 03 2015  02 19  -17.6344 23832.8 -03357.0 -08.0177 24068.1
 18 03 2015  02 20  -17.6369 23833.9 -03357.1 -08.0176 24069.2
 18 03 2015  02 21  -17.6392 23835.5 -03357.1 -08.0171 24070.8
 18 03 2015  02 22  -17.6415 23836.8 -03357.2 -08.0169 24072.1
 18 03 2015  02 23  -17.6433 23837.4 -03357.7 -08.0178 24072.7
 18 03 2015  02 24  -17.6446 23838.8 -03357.4 -08.0167 24074.1
 18 03 2015  02 25  -17.6453 23839.9 -03357.8 -08.0173 24075.2
 18 03 2015  02 26  -17.6457 23840.5 -03357.5 -08.0164 24075.8
 18 03 2015  02 27  -17.6461 23840.8 -03357.5 -08.0163 24076.0
 18 03 2015  02 28  -17.6471 23841.4 -03357.8 -08.0167 24076.7
 18 03 2015  02 29  -17.6466 23841.5 -03357.9 -08.0170 24076.9
 18 03 2015  02 30  -17.6443 23841.8 -03358.0 -08.0171 24077.2
 18 03 2015  02 31  -17.6415 23842.5 -03357.7 -08.0163 24077.7
 18 03 2015  02 32  -17.6386 23842.5 -03357.7 -08.0160 24077.8
 18 03 2015  02 33  -17.6367 23842.1 -03357.9 -08.0168 24077.4
 18 03 2015  02 34  -17.6340 23842.0 -03358.1 -08.0172 24077.3
 18 03 2015  02 35  -17.6314 23842.3 -03358.2 -08.0173 24077.7
 18 03 2015  02 36  -17.6290 23842.7 -03358.0 -08.0168 24078.0
 18 03 2015  02 37  -17.6262 23843.1 -03357.8 -08.0162 24078.3
 18 03 2015  02 38  -17.6232 23843.7 -03358.0 -08.0165 24079.0
 18 03 2015  02 39  -17.6208 23844.0 -03357.9 -08.0161 24079.3
 18 03 2015  02 40  -17.6176 23844.0 -03358.0 -08.0164 24079.3
 18 03 2015  02 41  -17.6134 23844.4 -03358.0 -08.0163 24079.7
 18 03 2015  02 42  -17.6093 23844.6 -03357.8 -08.0157 24079.8
 18 03 2015  02 43  -17.6057 23844.8 -03358.4 -08.0169 24080.1
 18 03 2015  02 44  -17.6023 23845.2 -03358.4 -08.0169 24080.6
 18 03 2015  02 45  -17.5983 23845.7 -03358.1 -08.0159 24081.0
 18 03 2015  02 46  -17.5947 23845.8 -03358.3 -08.0166 24081.2
 18 03 2015  02 47  -17.5916 23846.2 -03358.4 -08.0166 24081.6
 18 03 2015  02 48  -17.5890 23847.0 -03358.1 -08.0156 24082.3
 18 03 2015  02 49  -17.5864 23848.4 -03358.1 -08.0151 24083.7
 18 03 2015  02 50  -17.5842 23848.8 -03358.2 -08.0152 24084.0
 18 03 2015  02 51  -17.5832 23848.7 -03358.6 -08.0162 24084.0
 18 03 2015  02 52  -17.5826 23848.9 -03358.9 -08.0168 24084.3
 18 03 2015  02 53  -17.5818 23849.5 -03359.0 -08.0168 24084.9
 18 03 2015  02 54  -17.5815 23849.5 -03359.2 -08.0173 24084.9
 18 03 2015  02 55  -17.5811 23849.6 -03359.5 -08.0179 24085.0
 18 03 2015  02 56  -17.5801 23849.6 -03359.6 -08.0182 24085.1
 18 03 2015  02 57  -17.5793 23850.2 -03359.5 -08.0177 24085.7
 18 03 2015  02 58  -17.5787 23850.8 -03359.5 -08.0177 24086.3
 18 03 2015  02 59  -17.5780 23851.8 -03359.5 -08.0174 24087.3
 18 03 2015  03 00  -17.5774 23852.9 -03359.5 -08.0169 24088.3
 18 03 2015  03 01  -17.5768 23854.0 -03359.4 -08.0164 24089.3
 18 03 2015  03 02  -17.5767 23854.9 -03359.5 -08.0162 24090.3
 18 03 2015  03 03  -17.5771 23855.5 -03359.7 -08.0165 24090.9
 18 03 2015  03 04  -17.5775 23855.7 -03360.1 -08.0173 24091.2
 18 03 2015  03 05  -17.5772 23856.4 -03360.2 -08.0174 24091.8
 18 03 2015  03 06  -17.5761 23857.0 -03360.3 -08.0174 24092.5
 18 03 2015  03 07  -17.5754 23858.1 -03359.9 -08.0163 24093.5
 18 03 2015  03 08  -17.5759 23859.2 -03360.2 -08.0164 24094.6
 18 03 2015  03 09  -17.5768 23859.7 -03360.4 -08.0167 24095.2
 18 03 2015  03 10  -17.5769 23859.6 -03360.7 -08.0175 24095.1
 18 03 2015  03 11  -17.5763 23859.5 -03360.8 -08.0177 24095.0
 18 03 2015  03 12  -17.5759 23859.5 -03361.0 -08.0182 24095.0
 18 03 2015  03 13  -17.5755 23859.3 -03361.2 -08.0187 24094.8
 18 03 2015  03 14  -17.5745 23858.9 -03361.2 -08.0189 24094.5
 18 03 2015  03 15  -17.5734 23858.9 -03361.2 -08.0189 24094.5
 18 03 2015  03 16  -17.5725 23859.4 -03361.0 -08.0183 24094.9
 18 03 2015  03 17  -17.5720 23859.8 -03360.9 -08.0179 24095.4
 18 03 2015  03 18  -17.5722 23861.0 -03360.7 -08.0172 24096.5
 18 03 2015  03 19  -17.5736 23861.9 -03360.8 -08.0169 24097.4
 18 03 2015  03 20  -17.5741 23862.6 -03360.7 -08.0167 24098.1
 18 03 2015  03 21  -17.5733 23863.3 -03360.9 -08.0168 24098.9
 18 03 2015  03 22  -17.5728 23864.6 -03360.7 -08.0158 24100.0
 18 03 2015  03 23  -17.5722 23865.9 -03360.4 -08.0147 24101.3
 18 03 2015  03 24  -17.5715 23866.9 -03360.4 -08.0145 24102.3
 18 03 2015  03 25  -17.5707 23867.4 -03360.6 -08.0147 24102.8
 18 03 2015  03 26  -17.5693 23867.8 -03360.8 -08.0150 24103.3
 18 03 2015  03 27  -17.5685 23868.4 -03360.6 -08.0145 24103.8
 18 03 2015  03 28  -17.5688 23868.8 -03360.7 -08.0144 24104.2
 18 03 2015  03 29  -17.5697 23868.8 -03360.9 -08.0149 24104.3
 18 03 2015  03 30  -17.5706 23868.4 -03361.1 -08.0155 24103.9
 18 03 2015  03 31  -17.5713 23868.0 -03361.5 -08.0166 24103.6
 18 03 2015  03 32  -17.5714 23867.3 -03361.4 -08.0166 24102.9
 18 03 2015  03 33  -17.5712 23866.5 -03361.7 -08.0175 24102.1
 18 03 2015  03 34  -17.5711 23866.1 -03361.5 -08.0172 24101.7
 18 03 2015  03 35  -17.5711 23866.2 -03361.2 -08.0165 24101.7
 18 03 2015  03 36  -17.5714 23866.4 -03361.1 -08.0163 24101.9
 18 03 2015  03 37  -17.5716 23866.7 -03361.0 -08.0159 24102.2
 18 03 2015  03 38  -17.5715 23866.9 -03360.9 -08.0155 24102.3
 18 03 2015  03 39  -17.5713 23866.6 -03360.9 -08.0158 24102.1
 18 03 2015  03 40  -17.5706 23866.1 -03361.1 -08.0162 24101.6
 18 03 2015  03 41  -17.5698 23865.9 -03360.8 -08.0157 24101.4
 18 03 2015  03 42  -17.5703 23866.0 -03360.8 -08.0157 24101.4
 18 03 2015  03 43  -17.5709 23866.2 -03360.7 -08.0154 24101.6
 18 03 2015  03 44  -17.5718 23866.1 -03360.7 -08.0154 24101.5
 18 03 2015  03 45  -17.5729 23865.9 -03360.8 -08.0157 24101.4
 18 03 2015  03 46  -17.5738 23865.7 -03361.0 -08.0163 24101.2
 18 03 2015  03 47  -17.5743 23865.4 -03361.0 -08.0164 24100.9
 18 03 2015  03 48  -17.5744 23865.3 -03360.9 -08.0160 24100.8
 18 03 2015  03 49  -17.5746 23865.3 -03360.8 -08.0158 24100.7
 18 03 2015  03 50  -17.5749 23864.8 -03360.8 -08.0161 24100.3
 18 03 2015  03 51  -17.5752 23864.6 -03360.8 -08.0160 24100.1
 18 03 2015  03 52  -17.5755 23864.5 -03360.6 -08.0157 24099.9
 18 03 2015  03 53  -17.5762 23864.7 -03360.6 -08.0157 24100.2
 18 03 2015  03 54  -17.5780 23864.6 -03360.8 -08.0162 24100.1
 18 03 2015  03 55  -17.5799 23864.4 -03360.8 -08.0161 24099.9
 18 03 2015  03 56  -17.5807 23865.0 -03360.6 -08.0156 24100.5
 18 03 2015  03 57  -17.5817 23865.6 -03360.4 -08.0148 24101.0
 18 03 2015  03 58  -17.5826 23866.1 -03360.6 -08.0152 24101.5
 18 03 2015  03 59  -17.5831 23866.6 -03360.4 -08.0146 24102.0
 18 03 2015  04 00  -17.5835 23867.2 -03360.3 -08.0141 24102.6
 18 03 2015  04 01  -17.5839 23867.6 -03360.3 -08.0138 24103.0
 18 03 2015  04 02  -17.5845 23867.8 -03360.3 -08.0138 24103.1
 18 03 2015  04 03  -17.5852 23868.1 -03360.4 -08.0140 24103.4
 18 03 2015  04 04  -17.5861 23868.4 -03360.4 -08.0138 24103.8
 18 03 2015  04 05  -17.5868 23868.6 -03360.3 -08.0137 24104.0
 18 03 2015  04 06  -17.5869 23868.6 -03360.3 -08.0136 24104.0
 18 03 2015  04 07  -17.5860 23868.8 -03360.0 -08.0129 24104.2
 18 03 2015  04 08  -17.5850 23869.3 -03359.8 -08.0122 24104.6
 18 03 2015  04 09  -17.5843 23870.1 -03359.5 -08.0113 24105.3
 18 03 2015  04 10  -17.5842 23870.0 -03359.6 -08.0115 24105.3
 18 03 2015  04 11  -17.5837 23869.3 -03359.7 -08.0119 24104.6
 18 03 2015  04 12  -17.5825 23868.3 -03359.9 -08.0127 24103.7
 18 03 2015  04 13  -17.5809 23867.7 -03359.6 -08.0123 24103.0
 18 03 2015  04 14  -17.5796 23867.3 -03359.6 -08.0124 24102.6
 18 03 2015  04 15  -17.5785 23867.3 -03359.3 -08.0116 24102.6
 18 03 2015  04 16  -17.5780 23867.6 -03359.1 -08.0111 24102.9
 18 03 2015  04 17  -17.5782 23868.1 -03359.3 -08.0113 24103.4
 18 03 2015  04 18  -17.5787 23868.6 -03359.3 -08.0113 24103.9
 18 03 2015  04 19  -17.5795 23869.1 -03358.8 -08.0099 24104.3
 18 03 2015  04 20  -17.5800 23869.7 -03358.8 -08.0097 24104.8
 18 03 2015  04 21  -17.5805 23870.1 -03358.7 -08.0094 24105.2
 18 03 2015  04 22  -17.5803 23870.5 -03358.6 -08.0089 24105.6
 18 03 2015  04 23  -17.5804 23870.8 -03358.7 -08.0091 24105.9
 18 03 2015  04 24  -17.5809 23870.7 -03358.9 -08.0096 24105.8
 18 03 2015  04 25  -17.5812 23870.6 -03358.9 -08.0096 24105.8
 18 03 2015  04 26  -17.5814 23870.4 -03358.9 -08.0096 24105.6
 18 03 2015  04 27  -17.5816 23870.3 -03358.9 -08.0098 24105.5
 18 03 2015  04 28  -17.5815 23870.3 -03358.7 -08.0093 24105.5
 18 03 2015  04 29  -17.5814 23870.6 -03358.8 -08.0094 24105.7
 18 03 2015  04 30  -17.5818 23871.0 -03358.7 -08.0091 24106.1
 18 03 2015  04 31  -17.5822 23871.2 -03358.8 -08.0092 24106.3
 18 03 2015  04 32  -17.5828 23871.3 -03358.8 -08.0092 24106.5
 18 03 2015  04 33  -17.5835 23871.2 -03358.9 -08.0095 24106.4
 18 03 2015  04 34  -17.5840 23871.3 -03358.9 -08.0095 24106.5
 18 03 2015  04 35  -17.5843 23871.5 -03359.3 -08.0103 24106.7
 18 03 2015  04 36  -17.5844 23871.6 -03359.2 -08.0100 24106.8
 18 03 2015  04 37  -17.5848 23871.6 -03359.1 -08.0098 24106.8
 18 03 2015  04 38  -17.5853 23871.6 -03359.3 -08.0102 24106.8
 18 03 2015  04 39  -17.5855 23871.5 -03359.2 -08.0100 24106.7
 18 03 2015  04 40  -17.5856 23871.6 -03359.2 -08.0101 24106.8
 18 03 2015  04 41  -17.5853 23871.8 -03359.0 -08.0096 24106.9
 18 03 2015  04 42  -17.5846 23872.0 -03359.0 -08.0094 24107.2
 18 03 2015  04 43  -17.5830 23872.6 -03358.7 -08.0086 24107.7
 18 03 2015  04 44  -17.5811 23873.1 -03358.6 -08.0081 24108.2
 18 03 2015  04 45  -17.5793 23873.7 -03358.6 -08.0079 24108.8
 18 03 2015  04 46  -17.5781 23874.2 -03358.5 -08.0076 24109.3
 18 03 2015  04 47  -17.5773 23874.8 -03358.6 -08.0075 24109.9
 18 03 2015  04 48  -17.5763 23875.0 -03358.7 -08.0077 24110.1
 18 03 2015  04 49  -17.5757 23874.7 -03358.9 -08.0082 24109.8
 18 03 2015  04 50  -17.5752 23874.7 -03358.8 -08.0081 24109.8
 18 03 2015  04 51  -17.5736 23875.4 -03358.5 -08.0072 24110.4
 18 03 2015  04 52  -17.5715 23876.3 -03358.5 -08.0067 24111.4
 18 03 2015  04 53  -17.5699 23876.7 -03358.5 -08.0066 24111.7
 18 03 2015  04 54  -17.5678 23877.3 -03358.2 -08.0059 24112.3
 18 03 2015  04 55  -17.5650 23878.1 -03358.1 -08.0054 24113.1
 18 03 2015  04 56  -17.5622 23878.9 -03358.0 -08.0048 24113.9
 18 03 2015  04 57  -17.5597 23880.2 -03357.8 -08.0039 24115.1
 18 03 2015  04 58  -17.5565 23881.7 -03357.6 -08.0028 24116.6
 18 03 2015  04 59  -17.5534 23882.8 -03357.6 -08.0026 24117.7
 18 03 2015  05 00  -17.5506 23884.4 -03357.5 -08.0018 24119.2
 18 03 2015  05 01  -17.5496 23885.0 -03357.7 -08.0019 24119.9
 18 03 2015  05 02  -17.5482 23885.6 -03357.9 -08.0023 24120.5
 18 03 2015  05 03  -17.5476 23885.6 -03358.2 -08.0031 24120.5
 18 03 2015  05 04  -17.5469 23885.9 -03358.3 -08.0033 24120.8
 18 03 2015  05 05  -17.5458 23886.0 -03358.3 -08.0032 24120.9
 18 03 2015  05 06  -17.5456 23885.7 -03358.5 -08.0038 24120.7
 18 03 2015  05 07  -17.5459 23885.4 -03358.7 -08.0043 24120.4
 18 03 2015  05 08  -17.5456 23885.4 -03358.5 -08.0038 24120.3
 18 03 2015  05 09  -17.5460 23885.4 -03358.6 -08.0040 24120.4
 18 03 2015  05 10  -17.5466 23885.8 -03358.5 -08.0036 24120.8
 18 03 2015  05 11  -17.5477 23886.3 -03358.5 -08.0035 24121.2
 18 03 2015  05 12  -17.5485 23886.8 -03358.4 -08.0031 24121.8
 18 03 2015  05 13  -17.5487 23887.4 -03358.4 -08.0030 24122.3
 18 03 2015  05 14  -17.5492 23887.8 -03358.6 -08.0033 24122.8
 18 03 2015  05 15  -17.5481 23888.3 -03358.5 -08.0028 24123.3
 18 03 2015  05 16  -17.5466 23888.7 -03358.0 -08.0015 24123.6
 18 03 2015  05 17  -17.5461 23888.8 -03358.3 -08.0022 24123.7
 18 03 2015  05 18  -17.5465 23888.9 -03358.3 -08.0022 24123.8
 18 03 2015  05 19  -17.5471 23889.1 -03358.6 -08.0029 24124.1
 18 03 2015  05 20  -17.5479 23889.7 -03358.2 -08.0017 24124.6
 18 03 2015  05 21  -17.5492 23890.5 -03358.7 -08.0026 24125.5
 18 03 2015  05 22  -17.5506 23891.7 -03358.5 -08.0017 24126.6
 18 03 2015  05 23  -17.5512 23893.5 -03357.9 -07.9998 24128.3
 18 03 2015  05 24  -17.5513 23895.4 -03358.2 -07.9999 24130.2
 18 03 2015  05 25  -17.5512 23897.3 -03357.6 -07.9978 24132.0
 18 03 2015  05 26  -17.5497 23898.7 -03357.5 -07.9971 24133.3
 18 03 2015  05 27  -17.5480 23898.8 -03358.1 -07.9985 24133.6
 18 03 2015  05 28  -17.5475 23897.8 -03358.2 -07.9990 24132.6
 18 03 2015  05 29  -17.5478 23896.9 -03358.6 -08.0003 24131.8
 18 03 2015  05 30  -17.5473 23896.2 -03359.0 -08.0015 24131.1
 18 03 2015  05 31  -17.5466 23895.0 -03358.5 -08.0007 24129.8
 18 03 2015  05 32  -17.5450 23894.3 -03359.6 -08.0035 24129.3
 18 03 2015  05 33  -17.5436 23894.0 -03359.0 -08.0021 24129.0
 18 03 2015  05 34  -17.5422 23893.9 -03358.8 -08.0016 24128.8
 18 03 2015  05 35  -17.5402 23894.2 -03359.0 -08.0020 24129.1
 18 03 2015  05 36  -17.5390 23894.3 -03359.4 -08.0029 24129.3
 18 03 2015  05 37  -17.5384 23893.9 -03359.3 -08.0028 24128.9
 18 03 2015  05 38  -17.5378 23893.3 -03359.1 -08.0025 24128.3
 18 03 2015  05 39  -17.5382 23893.3 -03358.9 -08.0023 24128.2
 18 03 2015  05 40  -17.5390 23892.8 -03359.3 -08.0033 24127.8
 18 03 2015  05 41  -17.5387 23892.2 -03360.0 -08.0050 24127.3
 18 03 2015  05 42  -17.5387 23891.4 -03359.5 -08.0041 24126.5
 18 03 2015  05 43  -17.5393 23891.0 -03359.5 -08.0043 24126.1
 18 03 2015  05 44  -17.5410 23891.2 -03359.5 -08.0042 24126.2
 18 03 2015  05 45  -17.5422 23891.3 -03359.3 -08.0037 24126.3
 18 03 2015  05 46  -17.5427 23891.4 -03359.4 -08.0040 24126.4
 18 03 2015  05 47  -17.5422 23891.2 -03360.4 -08.0064 24126.4
 18 03 2015  05 48  -17.5420 23891.2 -03359.6 -08.0043 24126.3
 18 03 2015  05 49  -17.5420 23891.4 -03359.5 -08.0041 24126.4
 18 03 2015  05 50  -17.5425 23891.4 -03359.2 -08.0035 24126.4
 18 03 2015  05 51  -17.5435 23891.1 -03359.9 -08.0053 24126.2
 18 03 2015  05 52  -17.5445 23890.8 -03360.2 -08.0060 24125.9
 18 03 2015  05 53  -17.5458 23890.4 -03359.5 -08.0046 24125.4
 18 03 2015  05 54  -17.5475 23890.0 -03360.1 -08.0060 24125.2
 18 03 2015  05 55  -17.5492 23889.8 -03360.5 -08.0071 24125.0
 18 03 2015  05 56  -17.5508 23889.8 -03360.5 -08.0071 24125.0
 18 03 2015  05 57  -17.5521 23890.0 -03360.9 -08.0078 24125.2
 18 03 2015  05 58  -17.5533 23890.0 -03360.0 -08.0058 24125.2
 18 03 2015  05 59  -17.5544 23890.1 -03360.2 -08.0062 24125.2
 18 03 2015  06 00  -17.5554 23890.4 -03361.3 -08.0087 24125.7
 18 03 2015  06 01  -17.5558 23890.7 -03360.4 -08.0065 24125.9
 18 03 2015  06 02  -17.5559 23891.0 -03360.6 -08.0068 24126.2
 18 03 2015  06 03  -17.5557 23891.0 -03360.8 -08.0074 24126.2
 18 03 2015  06 04  -17.5558 23891.0 -03361.1 -08.0081 24126.3
 18 03 2015  06 05  -17.5558 23891.1 -03361.0 -08.0079 24126.4
 18 03 2015  06 06  -17.5561 23891.2 -03361.2 -08.0083 24126.5
 18 03 2015  06 07  -17.5561 23891.4 -03361.4 -08.0087 24126.7
 18 03 2015  06 08  -17.5562 23891.6 -03361.3 -08.0083 24126.9
 18 03 2015  06 09  -17.5568 23892.1 -03361.8 -08.0094 24127.5
 18 03 2015  06 10  -17.5575 23892.4 -03361.1 -08.0076 24127.6
 18 03 2015  06 11  -17.5579 23892.7 -03361.2 -08.0076 24128.0
 18 03 2015  06 12  -17.5574 23892.9 -03361.4 -08.0082 24128.2
 18 03 2015  06 13  -17.5565 23892.8 -03360.2 -08.0053 24127.9
 18 03 2015  06 14  -17.5559 23892.6 -03362.1 -08.0098 24128.0
 18 03 2015  06 15  -17.5548 23892.6 -03360.7 -08.0067 24127.8
 18 03 2015  06 16  -17.5544 23892.8 -03360.4 -08.0057 24128.0
 18 03 2015  06 17  -17.5540 23893.2 -03360.2 -08.0053 24128.3
 18 03 2015  06 18  -17.5534 23893.5 -03360.5 -08.0058 24128.7
 18 03 2015  06 19  -17.5530 23893.8 -03360.0 -08.0045 24128.9
 18 03 2015  06 20  -17.5532 23893.9 -03361.3 -08.0075 24129.1
 18 03 2015  06 21  -17.5540 23893.9 -03362.0 -08.0093 24129.3
 18 03 2015  06 22  -17.5541 23894.0 -03361.4 -08.0077 24129.2
 18 03 2015  06 23  -17.5549 23893.9 -03362.4 -08.0102 24129.3
 18 03 2015  06 24  -17.5554 23893.8 -03361.5 -08.0082 24129.1
 18 03 2015  06 25  -17.5557 23893.9 -03361.4 -08.0078 24129.2
 18 03 2015  06 26  -17.5561 23893.8 -03362.5 -08.0104 24129.2
 18 03 2015  06 27  -17.5558 23893.4 -03361.7 -08.0087 24128.7
 18 03 2015  06 28  -17.5561 23893.2 -03361.7 -08.0088 24128.5
 18 03 2015  06 29  -17.5565 23893.0 -03362.3 -08.0103 24128.5
 18 03 2015  06 30  -17.5567 23892.8 -03362.3 -08.0102 24128.2
 18 03 2015  06 31  -17.5569 23892.7 -03362.3 -08.0102 24128.1
 18 03 2015  06 32  -17.5565 23892.7 -03361.6 -08.0088 24128.0
 18 03 2015  06 33  -17.5563 23892.6 -03361.3 -08.0081 24127.9
 18 03 2015  06 34  -17.5561 23892.6 -03361.8 -08.0091 24127.9
 18 03 2015  06 35  -17.5553 23892.8 -03361.8 -08.0091 24128.1
 18 03 2015  06 36  -17.5539 23892.9 -03361.1 -08.0075 24128.1
 18 03 2015  06 37  -17.5527 23893.1 -03360.7 -08.0064 24128.3
 18 03 2015  06 38  -17.5516 23893.3 -03360.9 -08.0069 24128.6
 18 03 2015  06 39  -17.5501 23893.6 -03360.9 -08.0068 24128.8
 18 03 2015  06 40  -17.5487 23893.9 -03361.3 -08.0076 24129.2
 18 03 2015  06 41  -17.5473 23894.3 -03360.7 -08.0062 24129.5
 18 03 2015  06 42  -17.5460 23894.4 -03360.8 -08.0063 24129.6
 18 03 2015  06 43  -17.5447 23894.5 -03360.8 -08.0063 24129.7
 18 03 2015  06 44  -17.5435 23894.3 -03360.9 -08.0065 24129.5
 18 03 2015  06 45  -17.5418 23893.7 -03361.0 -08.0070 24129.0
 18 03 2015  06 46  -17.5398 23893.2 -03361.1 -08.0073 24128.4
 18 03 2015  06 47  -17.5382 23892.8 -03361.1 -08.0075 24128.1
 18 03 2015  06 48  -17.5372 23892.6 -03361.1 -08.0075 24127.8
 18 03 2015  06 49  -17.5362 23892.4 -03361.0 -08.0073 24127.7
 18 03 2015  06 50  -17.5353 23892.3 -03361.1 -08.0077 24127.6
 18 03 2015  06 51  -17.5343 23892.3 -03361.0 -08.0075 24127.5
 18 03 2015  06 52  -17.5333 23892.3 -03361.1 -08.0077 24127.5
 18 03 2015  06 53  -17.5325 23892.4 -03360.9 -08.0072 24127.6
 18 03 2015  06 54  -17.5319 23892.5 -03360.9 -08.0072 24127.8
 18 03 2015  06 55  -17.5311 23892.5 -03361.0 -08.0074 24127.8
 18 03 2015  06 56  -17.5305 23892.4 -03361.2 -08.0078 24127.7
 18 03 2015  06 57  -17.5304 23892.3 -03361.2 -08.0078 24127.6
 18 03 2015  06 58  -17.5304 23892.4 -03361.2 -08.0078 24127.7
 18 03 2015  06 59  -17.5309 23892.5 -03361.2 -08.0078 24127.7
 18 03 2015  07 00  -17.5316 23892.7 -03361.2 -08.0078 24128.0
 18 03 2015  07 01  -17.5316 23892.9 -03361.2 -08.0076 24128.1
 18 03 2015  07 02  -17.5309 23892.8 -03361.3 -08.0079 24128.1
 18 03 2015  07 03  -17.5298 23892.6 -03361.2 -08.0077 24127.8
 18 03 2015  07 04  -17.5284 23892.5 -03361.2 -08.0078 24127.7
 18 03 2015  07 05  -17.5269 23892.8 -03360.9 -08.0069 24128.0
 18 03 2015  07 06  -17.5255 23893.2 -03360.9 -08.0070 24128.5
 18 03 2015  07 07  -17.5242 23893.4 -03360.7 -08.0064 24128.6
 18 03 2015  07 08  -17.5230 23893.3 -03361.2 -08.0074 24128.6
 18 03 2015  07 09  -17.5217 23893.1 -03361.1 -08.0074 24128.3
 18 03 2015  07 10  -17.5207 23893.0 -03361.0 -08.0072 24128.2
 18 03 2015  07 11  -17.5203 23893.2 -03361.0 -08.0072 24128.5
 18 03 2015  07 12  -17.5206 23893.5 -03361.2 -08.0075 24128.8
 18 03 2015  07 13  -17.5213 23893.6 -03361.5 -08.0082 24128.9
 18 03 2015  07 14  -17.5227 23893.6 -03361.3 -08.0076 24128.8
 18 03 2015  07 15  -17.5242 23893.7 -03361.5 -08.0082 24129.0
 18 03 2015  07 16  -17.5252 23893.9 -03361.4 -08.0077 24129.2
 18 03 2015  07 17  -17.5256 23894.0 -03361.4 -08.0077 24129.3
 18 03 2015  07 18  -17.5255 23894.0 -03361.2 -08.0073 24129.3
 18 03 2015  07 19  -17.5252 23894.6 -03360.8 -08.0062 24129.8
 18 03 2015  07 20  -17.5249 23895.2 -03361.0 -08.0064 24130.4
 18 03 2015  07 21  -17.5237 23895.4 -03360.8 -08.0059 24130.6
 18 03 2015  07 22  -17.5222 23895.6 -03361.0 -08.0062 24130.8
 18 03 2015  07 23  -17.5208 23895.6 -03361.1 -08.0066 24130.9
 18 03 2015  07 24  -17.5196 23895.9 -03360.4 -08.0049 24131.0
 18 03 2015  07 25  -17.5184 23896.3 -03360.7 -08.0055 24131.4
 18 03 2015  07 26  -17.5178 23896.5 -03360.8 -08.0056 24131.6
 18 03 2015  07 27  -17.5174 23896.7 -03360.9 -08.0056 24131.9
 18 03 2015  07 28  -17.5172 23897.5 -03360.6 -08.0048 24132.6
 18 03 2015  07 29  -17.5178 23897.7 -03360.8 -08.0052 24132.8
 18 03 2015  07 30  -17.5189 23897.6 -03361.1 -08.0059 24132.8
 18 03 2015  07 31  -17.5202 23897.5 -03361.2 -08.0062 24132.7
 18 03 2015  07 32  -17.5216 23897.4 -03361.4 -08.0067 24132.6
 18 03 2015  07 33  -17.5227 23897.3 -03361.4 -08.0067 24132.5
 18 03 2015  07 34  -17.5233 23897.7 -03361.3 -08.0063 24132.9
 18 03 2015  07 35  -17.5239 23898.2 -03361.1 -08.0057 24133.4
 18 03 2015  07 36  -17.5241 23898.6 -03361.1 -08.0055 24133.8
 18 03 2015  07 37  -17.5237 23899.1 -03360.9 -08.0049 24134.2
 18 03 2015  07 38  -17.5226 23899.6 -03360.8 -08.0045 24134.7
 18 03 2015  07 39  -17.5213 23899.4 -03360.9 -08.0049 24134.5
 18 03 2015  07 40  -17.5196 23899.0 -03360.8 -08.0048 24134.2
 18 03 2015  07 41  -17.5174 23899.2 -03360.8 -08.0047 24134.3
 18 03 2015  07 42  -17.5143 23898.8 -03360.8 -08.0047 24133.9
 18 03 2015  07 43  -17.5108 23898.6 -03360.7 -08.0045 24133.7
 18 03 2015  07 44  -17.5074 23898.5 -03360.6 -08.0045 24133.7
 18 03 2015  07 45  -17.5041 23898.7 -03360.4 -08.0040 24133.8
 18 03 2015  07 46  -17.5012 23898.5 -03360.8 -08.0048 24133.6
 18 03 2015  07 47  -17.4980 23897.9 -03360.8 -08.0050 24133.0
 18 03 2015  07 48  -17.4960 23897.1 -03360.8 -08.0053 24132.2
 18 03 2015  07 49  -17.4961 23896.7 -03360.9 -08.0058 24131.9
 18 03 2015  07 50  -17.4982 23896.6 -03361.4 -08.0068 24131.9
 18 03 2015  07 51  -17.5002 23897.8 -03361.3 -08.0062 24133.0
 18 03 2015  07 52  -17.5022 23899.4 -03361.2 -08.0055 24134.6
 18 03 2015  07 53  -17.5041 23900.9 -03361.2 -08.0050 24136.1
 18 03 2015  07 54  -17.5060 23901.8 -03361.3 -08.0051 24137.0
 18 03 2015  07 55  -17.5074 23902.4 -03361.6 -08.0054 24137.6
 18 03 2015  07 56  -17.5084 23902.4 -03361.7 -08.0058 24137.7
 18 03 2015  07 57  -17.5090 23902.2 -03361.8 -08.0061 24137.5
 18 03 2015  07 58  -17.5089 23902.1 -03361.7 -08.0058 24137.4
 18 03 2015  07 59  -17.5085 23902.2 -03361.5 -08.0054 24137.4
 18 03 2015  08 00  -17.5072 23902.4 -03361.3 -08.0048 24137.6
 18 03 2015  08 01  -17.5053 23902.5 -03361.2 -08.0045 24137.7
 18 03 2015  08 02  -17.5034 23902.6 -03361.1 -08.0043 24137.7
 18 03 2015  08 03  -17.5012 23902.5 -03361.0 -08.0040 24137.7
 18 03 2015  08 04  -17.4985 23902.0 -03361.0 -08.0042 24137.2
 18 03 2015  08 05  -17.4960 23901.0 -03361.1 -08.0047 24136.2
 18 03 2015  08 06  -17.4937 23900.4 -03360.9 -08.0046 24135.6
 18 03 2015  08 07  -17.4924 23900.3 -03360.9 -08.0046 24135.4
 18 03 2015  08 08  -17.4914 23900.4 -03361.0 -08.0047 24135.5
 18 03 2015  08 09  -17.4908 23900.4 -03361.0 -08.0048 24135.6
 18 03 2015  08 10  -17.4910 23900.3 -03361.1 -08.0051 24135.5
 18 03 2015  08 11  -17.4918 23899.9 -03361.3 -08.0056 24135.1
 18 03 2015  08 12  -17.4925 23899.8 -03361.4 -08.0058 24135.0
 18 03 2015  08 13  -17.4934 23899.9 -03361.3 -08.0056 24135.1
 18 03 2015  08 14  -17.4947 23900.1 -03361.3 -08.0055 24135.3
 18 03 2015  08 15  -17.4968 23900.4 -03361.3 -08.0054 24135.6
 18 03 2015  08 16  -17.4993 23900.6 -03361.1 -08.0049 24135.8
 18 03 2015  08 17  -17.5011 23900.9 -03361.2 -08.0050 24136.1
 18 03 2015  08 18  -17.5025 23901.2 -03361.3 -08.0051 24136.4
 18 03 2015  08 19  -17.5024 23901.8 -03360.8 -08.0038 24136.9
 18 03 2015  08 20  -17.5013 23902.2 -03360.3 -08.0026 24137.2
 18 03 2015  08 21  -17.5003 23902.2 -03360.6 -08.0033 24137.3
 18 03 2015  08 22  -17.4993 23902.0 -03360.3 -08.0026 24137.1
 18 03 2015  08 23  -17.4979 23901.9 -03360.5 -08.0030 24136.9
 18 03 2015  08 24  -17.4957 23901.9 -03359.8 -08.0014 24136.9
 18 03 2015  08 25  -17.4937 23902.0 -03359.9 -08.0016 24137.0
 18 03 2015  08 26  -17.4908 23902.0 -03359.8 -08.0013 24137.0
 18 03 2015  08 27  -17.4876 23901.9 -03359.8 -08.0014 24136.9
 18 03 2015  08 28  -17.4841 23901.7 -03359.9 -08.0017 24136.7
 18 03 2015  08 29  -17.4805 23901.6 -03359.9 -08.0016 24136.6
 18 03 2015  08 30  -17.4762 23901.2 -03359.8 -08.0016 24136.2
 18 03 2015  08 31  -17.4720 23901.2 -03359.7 -08.0014 24136.2
 18 03 2015  08 32  -17.4686 23902.0 -03359.5 -08.0007 24136.9
 18 03 2015  08 33  -17.4654 23902.5 -03359.6 -08.0006 24137.4
 18 03 2015  08 34  -17.4630 23902.4 -03359.9 -08.0016 24137.4
 18 03 2015  08 35  -17.4607 23902.7 -03359.9 -08.0014 24137.7
 18 03 2015  08 36  -17.4587 23902.7 -03359.8 -08.0012 24137.7
 18 03 2015  08 37  -17.4572 23902.3 -03360.1 -08.0019 24137.4
 18 03 2015  08 38  -17.4571 23902.1 -03360.5 -08.0029 24137.2
 18 03 2015  08 39  -17.4571 23902.0 -03360.4 -08.0028 24137.1
 18 03 2015  08 40  -17.4571 23902.0 -03360.4 -08.0028 24137.0
 18 03 2015  08 41  -17.4571 23902.0 -03360.4 -08.0028 24137.1
 18 03 2015  08 42  -17.4571 23902.3 -03360.5 -08.0029 24137.4
 18 03 2015  08 43  -17.4568 23902.7 -03360.3 -08.0024 24137.7
 18 03 2015  08 44  -17.4567 23902.8 -03360.2 -08.0021 24137.8
 18 03 2015  08 45  -17.4569 23903.2 -03360.2 -08.0020 24138.3
 18 03 2015  08 46  -17.4567 23903.5 -03360.2 -08.0019 24138.6
 18 03 2015  08 47  -17.4574 23904.2 -03360.1 -08.0013 24139.2
 18 03 2015  08 48  -17.4585 23905.0 -03360.0 -08.0008 24140.0
 18 03 2015  08 49  -17.4593 23905.7 -03359.9 -08.0004 24140.7
 18 03 2015  08 50  -17.4604 23906.6 -03360.0 -08.0003 24141.6
 18 03 2015  08 51  -17.4617 23907.6 -03359.9 -07.9997 24142.5
 18 03 2015  08 52  -17.4626 23908.5 -03360.0 -07.9998 24143.4
 18 03 2015  08 53  -17.4635 23909.3 -03360.0 -07.9994 24144.2
 18 03 2015  08 54  -17.4640 23910.1 -03359.9 -07.9989 24145.0
 18 03 2015  08 55  -17.4643 23910.7 -03359.9 -07.9987 24145.6
 18 03 2015  08 56  -17.4644 23911.4 -03359.6 -07.9977 24146.2
 18 03 2015  08 57  -17.4647 23911.8 -03359.6 -07.9977 24146.6
 18 03 2015  08 58  -17.4647 23912.5 -03359.6 -07.9974 24147.3
 18 03 2015  08 59  -17.4652 23913.0 -03359.6 -07.9973 24147.9
 18 03 2015  09 00  -17.4659 23913.7 -03359.5 -07.9968 24148.5
 18 03 2015  09 01  -17.4665 23914.2 -03359.6 -07.9968 24149.1
 18 03 2015  09 02  -17.4676 23914.8 -03359.7 -07.9969 24149.6
 18 03 2015  09 03  -17.4693 23915.3 -03359.8 -07.9971 24150.2
 18 03 2015  09 04  -17.4713 23915.9 -03359.9 -07.9970 24150.8
 18 03 2015  09 05  -17.4735 23916.4 -03360.2 -07.9975 24151.3
 18 03 2015  09 06  -17.4753 23917.1 -03360.2 -07.9974 24152.0
 18 03 2015  09 07  -17.4775 23917.9 -03360.2 -07.9970 24152.7
 18 03 2015  09 08  -17.4799 23918.4 -03360.3 -07.9971 24153.3
 18 03 2015  09 09  -17.4820 23919.0 -03360.4 -07.9973 24153.9
 18 03 2015  09 10  -17.4836 23919.7 -03360.4 -07.9969 24154.6
 18 03 2015  09 11  -17.4846 23920.2 -03360.5 -07.9971 24155.1
 18 03 2015  09 12  -17.4858 23920.7 -03360.4 -07.9966 24155.6
 18 03 2015  09 13  -17.4871 23920.8 -03360.9 -07.9977 24155.8
 18 03 2015  09 14  -17.4880 23921.0 -03360.6 -07.9969 24155.9
 18 03 2015  09 15  -17.4890 23921.4 -03360.5 -07.9965 24156.3
 18 03 2015  09 16  -17.4898 23921.8 -03361.2 -07.9981 24156.8
 18 03 2015  09 17  -17.4901 23922.2 -03360.8 -07.9970 24157.1
 18 03 2015  09 18  -17.4906 23922.2 -03361.4 -07.9985 24157.2
 18 03 2015  09 19  -17.4912 23921.9 -03361.5 -07.9989 24156.9
 18 03 2015  09 20  -17.4907 23921.7 -03360.9 -07.9974 24156.6
 18 03 2015  09 21  -17.4901 23921.6 -03361.0 -07.9977 24156.6
 18 03 2015  09 22  -17.4899 23921.9 -03361.2 -07.9980 24156.8
 18 03 2015  09 23  -17.4894 23922.2 -03360.9 -07.9973 24157.1
 18 03 2015  09 24  -17.4897 23922.2 -03361.1 -07.9979 24157.1
 18 03 2015  09 25  -17.4897 23922.3 -03361.3 -07.9981 24157.3
 18 03 2015  09 26  -17.4898 23922.5 -03361.4 -07.9984 24157.5
 18 03 2015  09 27  -17.4900 23922.7 -03361.6 -07.9986 24157.8
 18 03 2015  09 28  -17.4899 23923.2 -03361.6 -07.9986 24158.2
 18 03 2015  09 29  -17.4898 23923.8 -03361.7 -07.9986 24158.8
 18 03 2015  09 30  -17.4892 23924.1 -03361.6 -07.9984 24159.1
 18 03 2015  09 31  -17.4902 23924.2 -03361.9 -07.9990 24159.3
 18 03 2015  09 32  -17.4904 23924.7 -03362.0 -07.9990 24159.8
 18 03 2015  09 33  -17.4899 23925.2 -03362.0 -07.9988 24160.2
 18 03 2015  09 34  -17.4893 23925.4 -03362.1 -07.9990 24160.5
 18 03 2015  09 35  -17.4886 23925.6 -03362.2 -07.9993 24160.7
 18 03 2015  09 36  -17.4879 23926.0 -03362.3 -07.9993 24161.1
 18 03 2015  09 37  -17.4878 23926.4 -03362.4 -07.9994 24161.5
 18 03 2015  09 38  -17.4880 23926.9 -03362.5 -07.9996 24162.0
 18 03 2015  09 39  -17.4878 23927.1 -03362.7 -08.0000 24162.2
 18 03 2015  09 40  -17.4874 23927.2 -03362.9 -08.0004 24162.3
 18 03 2015  09 41  -17.4871 23927.3 -03363.1 -08.0008 24162.5
 18 03 2015  09 42  -17.4871 23927.3 -03363.3 -08.0012 24162.6
 18 03 2015  09 43  -17.4869 23927.2 -03363.7 -08.0022 24162.5
 18 03 2015  09 44  -17.4872 23926.8 -03363.9 -08.0028 24162.2
 18 03 2015  09 45  -17.4873 23926.7 -03364.0 -08.0032 24162.1
 18 03 2015  09 46  -17.4862 23926.2 -03364.1 -08.0034 24161.6
 18 03 2015  09 47  -17.4860 23925.9 -03364.4 -08.0043 24161.3
 18 03 2015  09 48  -17.4857 23925.8 -03364.7 -08.0050 24161.3
 18 03 2015  09 49  -17.4853 23926.2 -03364.5 -08.0044 24161.6
 18 03 2015  09 50  -17.4855 23926.8 -03365.0 -08.0053 24162.2
 18 03 2015  09 51  -17.4858 23926.5 -03365.2 -08.0060 24162.0
 18 03 2015  09 52  -17.4859 23926.2 -03365.6 -08.0069 24161.7
 18 03 2015  09 53  -17.4857 23926.6 -03365.7 -08.0071 24162.2
 18 03 2015  09 54  -17.4847 23926.4 -03365.8 -08.0073 24162.0
 18 03 2015  09 55  -17.4833 23924.9 -03366.3 -08.0090 24160.6
 18 03 2015  09 56  -17.4818 23923.6 -03366.6 -08.0101 24159.3
 18 03 2015  09 57  -17.4830 23923.1 -03366.8 -08.0108 24158.8
 18 03 2015  09 58  -17.4842 23923.2 -03366.9 -08.0111 24158.9
 18 03 2015  09 59  -17.4852 23923.0 -03367.2 -08.0117 24158.8
 18 03 2015  10 00  -17.4869 23922.7 -03367.6 -08.0128 24158.5
 18 03 2015  10 01  -17.4873 23922.8 -03368.1 -08.0140 24158.7
 18 03 2015  10 02  -17.4870 23923.0 -03368.3 -08.0144 24159.0
 18 03 2015  10 03  -17.4879 23923.1 -03368.5 -08.0149 24159.1
 18 03 2015  10 04  -17.4880 23923.0 -03368.9 -08.0159 24159.0
 18 03 2015  10 05  -17.4876 23922.9 -03369.4 -08.0169 24159.0
 18 03 2015  10 06  -17.4878 23922.7 -03370.0 -08.0184 24158.9
 18 03 2015  10 07  -17.4884 23921.7 -03370.6 -08.0202 24158.0
 18 03 2015  10 08  -17.4886 23920.8 -03371.2 -08.0219 24157.2
 18 03 2015  10 09  -17.4882 23919.7 -03371.7 -08.0234 24156.1
 18 03 2015  10 10  -17.4877 23918.6 -03372.0 -08.0246 24155.1
 18 03 2015  10 11  -17.4871 23917.6 -03372.4 -08.0259 24154.2
 18 03 2015  10 12  -17.4862 23916.9 -03372.9 -08.0272 24153.6
 18 03 2015  10 13  -17.4867 23916.5 -03373.2 -08.0280 24153.2
 18 03 2015  10 14  -17.4867 23916.3 -03373.5 -08.0289 24153.1
 18 03 2015  10 15  -17.4866 23917.2 -03373.6 -08.0289 24154.0
 18 03 2015  10 16  -17.4863 23917.5 -03374.1 -08.0298 24154.3
 18 03 2015  10 17  -17.4872 23917.1 -03374.6 -08.0312 24154.0
 18 03 2015  10 18  -17.4891 23916.6 -03375.0 -08.0322 24153.6
 18 03 2015  10 19  -17.4892 23916.7 -03374.8 -08.0318 24153.7
 18 03 2015  10 20  -17.4885 23916.2 -03375.1 -08.0326 24153.1
 18 03 2015  10 21  -17.4885 23914.4 -03375.9 -08.0351 24151.5
 18 03 2015  10 22  -17.4870 23913.9 -03376.0 -08.0355 24151.0
 18 03 2015  10 23  -17.4868 23914.3 -03375.7 -08.0348 24151.4
 18 03 2015  10 24  -17.4872 23914.6 -03375.7 -08.0345 24151.7
 18 03 2015  10 25  -17.4890 23914.6 -03376.1 -08.0356 24151.8
 18 03 2015  10 26  -17.4906 23914.3 -03376.8 -08.0373 24151.5
 18 03 2015  10 27  -17.4907 23914.3 -03377.3 -08.0384 24151.6
 18 03 2015  10 28  -17.4909 23914.2 -03377.6 -08.0392 24151.5
 18 03 2015  10 29  -17.4915 23914.2 -03377.9 -08.0398 24151.6
 18 03 2015  10 30  -17.4916 23914.1 -03378.3 -08.0408 24151.6
 18 03 2015  10 31  -17.4914 23913.6 -03379.0 -08.0427 24151.2
 18 03 2015  10 32  -17.4919 23912.9 -03379.8 -08.0447 24150.6
 18 03 2015  10 33  -17.4925 23912.5 -03380.1 -08.0457 24150.2
 18 03 2015  10 34  -17.4929 23912.6 -03380.1 -08.0455 24150.3
 18 03 2015  10 35  -17.4926 23912.7 -03379.9 -08.0451 24150.4
 18 03 2015  10 36  -17.4923 23912.6 -03380.0 -08.0453 24150.3
 18 03 2015  10 37  -17.4922 23912.3 -03380.6 -08.0467 24150.1
 18 03 2015  10 38  -17.4922 23912.3 -03380.3 -08.0462 24150.1
 18 03 2015  10 39  -17.4922 23912.3 -03381.2 -08.0482 24150.2
 18 03 2015  10 40  -17.4929 23912.1 -03381.2 -08.0484 24150.0
 18 03 2015  10 41  -17.4946 23912.4 -03381.2 -08.0482 24150.3
 18 03 2015  10 42  -17.4961 23912.5 -03381.5 -08.0489 24150.4
 18 03 2015  10 43  -17.4972 23912.2 -03381.9 -08.0499 24150.1
 18 03 2015  10 44  -17.4976 23912.3 -03382.4 -08.0512 24150.4
 18 03 2015  10 45  -17.4991 23912.2 -03382.8 -08.0521 24150.3
 18 03 2015  10 46  -17.4994 23912.0 -03383.4 -08.0535 24150.2
 18 03 2015  10 47  -17.4985 23912.4 -03383.7 -08.0542 24150.6
 18 03 2015  10 48  -17.4978 23912.6 -03383.9 -08.0544 24150.8
 18 03 2015  10 49  -17.4966 23911.3 -03385.1 -08.0577 24149.7
 18 03 2015  10 50  -17.4949 23910.5 -03386.0 -08.0601 24149.1
 18 03 2015  10 51  -17.4938 23910.5 -03386.1 -08.0603 24149.1
 18 03 2015  10 52  -17.4936 23910.5 -03386.0 -08.0601 24149.1
 18 03 2015  10 53  -17.4944 23910.6 -03386.3 -08.0607 24149.2
 18 03 2015  10 54  -17.4955 23911.6 -03386.0 -08.0597 24150.2
 18 03 2015  10 55  -17.4953 23913.8 -03384.8 -08.0563 24152.1
 18 03 2015  10 56  -17.4959 23915.6 -03384.4 -08.0546 24153.9
 18 03 2015  10 57  -17.4952 23917.2 -03384.0 -08.0531 24155.4
 18 03 2015  10 58  -17.4957 23917.7 -03384.3 -08.0538 24155.9
 18 03 2015  10 59  -17.4955 23918.4 -03384.0 -08.0529 24156.6
 18 03 2015  11 00  -17.4956 23919.4 -03383.7 -08.0518 24157.6
 18 03 2015  11 01  -17.4946 23920.3 -03383.3 -08.0506 24158.4
 18 03 2015  11 02  -17.4936 23920.1 -03383.3 -08.0506 24158.2
 18 03 2015  11 03  -17.4935 23919.2 -03384.1 -08.0527 24157.4
 18 03 2015  11 04  -17.4932 23921.2 -03383.6 -08.0509 24159.3
 18 03 2015  11 05  -17.4924 23923.1 -03383.1 -08.0491 24161.1
 18 03 2015  11 06  -17.4925 23924.7 -03383.1 -08.0487 24162.7
 18 03 2015  11 07  -17.4931 23927.3 -03382.7 -08.0468 24165.3
 18 03 2015  11 08  -17.4932 23928.2 -03383.0 -08.0472 24166.2
 18 03 2015  11 09  -17.4950 23929.1 -03383.5 -08.0481 24167.1
 18 03 2015  11 10  -17.4938 23929.0 -03383.8 -08.0488 24167.1
 18 03 2015  11 11  -17.4922 23928.3 -03384.6 -08.0509 24166.5
 18 03 2015  11 12  -17.4940 23927.8 -03385.5 -08.0531 24166.1
 18 03 2015  11 13  -17.4945 23927.0 -03386.4 -08.0557 24165.5
 18 03 2015  11 14  -17.4963 23925.7 -03387.7 -08.0591 24164.4
 18 03 2015  11 15  -17.4988 23925.1 -03388.6 -08.0613 24163.9
 18 03 2015  11 16  -17.4988 23924.2 -03389.4 -08.0635 24163.1
 18 03 2015  11 17  -17.4999 23921.7 -03391.1 -08.0685 24160.8
 18 03 2015  11 18  -17.5007 23920.8 -03392.1 -08.0711 24160.1
 18 03 2015  11 19  -17.4994 23920.5 -03392.5 -08.0720 24159.9
 18 03 2015  11 20  -17.4998 23919.3 -03393.3 -08.0744 24158.8
 18 03 2015  11 21  -17.5005 23917.3 -03394.8 -08.0785 24157.0
 18 03 2015  11 22  -17.5004 23916.7 -03395.5 -08.0805 24156.5
 18 03 2015  11 23  -17.5003 23915.4 -03396.6 -08.0834 24155.4
 18 03 2015  11 24  -17.4999 23913.3 -03397.8 -08.0870 24153.4
 18 03 2015  11 25  -17.5003 23911.3 -03399.0 -08.0903 24151.7
 18 03 2015  11 26  -17.5008 23909.9 -03399.9 -08.0930 24150.4
 18 03 2015  11 27  -17.4997 23909.6 -03400.3 -08.0941 24150.2
 18 03 2015  11 28  -17.4989 23911.5 -03399.8 -08.0922 24152.0
 18 03 2015  11 29  -17.5001 23912.8 -03399.5 -08.0910 24153.2
 18 03 2015  11 30  -17.5021 23912.9 -03399.3 -08.0906 24153.3
 18 03 2015  11 31  -17.5029 23910.6 -03400.2 -08.0936 24151.1
 18 03 2015  11 32  -17.5049 23907.4 -03402.0 -08.0989 24148.2
 18 03 2015  11 33  -17.5089 23905.7 -03403.4 -08.1027 24146.8
 18 03 2015  11 34  -17.5095 23905.2 -03403.8 -08.1038 24146.3
 18 03 2015  11 35  -17.5076 23904.7 -03404.3 -08.1049 24145.9
 18 03 2015  11 36  -17.5062 23905.4 -03404.0 -08.1042 24146.5
 18 03 2015  11 37  -17.5048 23906.5 -03403.7 -08.1029 24147.6
 18 03 2015  11 38  -17.5046 23907.4 -03403.2 -08.1017 24148.4
 18 03 2015  11 39  -17.5049 23909.5 -03402.1 -08.0983 24150.3
 18 03 2015  11 40  -17.5064 23912.4 -03400.1 -08.0926 24152.9
 18 03 2015  11 41  -17.5089 23914.5 -03398.8 -08.0888 24154.8
 18 03 2015  11 42  -17.5130 23916.7 -03397.7 -08.0854 24156.9
 18 03 2015  11 43  -17.5171 23918.6 -03396.9 -08.0831 24158.6
 18 03 2015  11 44  -17.5189 23919.6 -03396.8 -08.0825 24159.6
 18 03 2015  11 45  -17.5184 23919.6 -03397.2 -08.0834 24159.7
 18 03 2015  11 46  -17.5171 23919.7 -03397.6 -08.0844 24159.8
 18 03 2015  11 47  -17.5157 23920.2 -03397.7 -08.0843 24160.3
 18 03 2015  11 48  -17.5146 23921.3 -03397.5 -08.0835 24161.3
 18 03 2015  11 49  -17.5158 23921.5 -03397.5 -08.0836 24161.5
 18 03 2015  11 50  -17.5182 23920.3 -03398.6 -08.0864 24160.5
 18 03 2015  11 51  -17.5184 23920.0 -03399.5 -08.0885 24160.4
 18 03 2015  11 52  -17.5175 23920.5 -03399.5 -08.0885 24160.9
 18 03 2015  11 53  -17.5156 23920.9 -03399.4 -08.0881 24161.2
 18 03 2015  11 54  -17.5139 23919.9 -03400.1 -08.0902 24160.3
 18 03 2015  11 55  -17.5124 23917.6 -03401.6 -08.0945 24158.3
 18 03 2015  11 56  -17.5123 23916.7 -03402.4 -08.0965 24157.5
 18 03 2015  11 57  -17.5136 23916.1 -03403.0 -08.0981 24157.0
 18 03 2015  11 58  -17.5152 23916.5 -03403.3 -08.0988 24157.4
 18 03 2015  11 59  -17.5173 23916.7 -03403.9 -08.1000 24157.7
 18 03 2015  12 00  -17.5180 23917.8 -03404.1 -08.1002 24158.8
 18 03 2015  12 01  -17.5175 23919.9 -03403.6 -08.0983 24160.8
 18 03 2015  12 02  -17.5172 23922.0 -03402.8 -08.0957 24162.8
 18 03 2015  12 03  -17.5157 23923.9 -03401.9 -08.0931 24164.5
 18 03 2015  12 04  -17.5258 23924.7 -03400.0 -08.0882 24165.1
 18 03 2015  12 05  -17.5299 23918.5 -03398.8 -08.0874 24158.8
 18 03 2015  12 06  -17.5312 23920.3 -03398.1 -08.0852 24160.5
 18 03 2015  12 07  -17.5310 23923.5 -03396.5 -08.0805 24163.4
 18 03 2015  12 08  -17.5326 23925.6 -03396.2 -08.0790 24165.4
 18 03 2015  12 09  -17.5334 23929.3 -03394.7 -08.0742 24168.9
 18 03 2015  12 10  -17.5335 23932.3 -03393.0 -08.0692 24171.7
 18 03 2015  12 11  -17.5335 23933.1 -03392.5 -08.0678 24172.3
 18 03 2015  12 12  -17.5349 23932.8 -03392.8 -08.0688 24172.1
 18 03 2015  12 13  -17.5371 23930.9 -03394.3 -08.0729 24170.4
 18 03 2015  12 14  -17.5388 23927.5 -03396.5 -08.0790 24167.4
 18 03 2015  12 15  -17.5393 23925.5 -03398.5 -08.0846 24165.6
 18 03 2015  12 16  -17.5398 23923.9 -03399.8 -08.0880 24164.2
 18 03 2015  12 17  -17.5408 23921.6 -03401.3 -08.0922 24162.2
 18 03 2015  12 18  -17.5406 23919.8 -03402.4 -08.0954 24160.5
 18 03 2015  12 19  -17.5402 23918.9 -03402.9 -08.0971 24159.7
 18 03 2015  12 20  -17.5402 23918.2 -03403.5 -08.0986 24159.1
 18 03 2015  12 21  -17.5401 23917.0 -03404.4 -08.1011 24158.1
 18 03 2015  12 22  -17.5398 23917.2 -03404.6 -08.1016 24158.3
 18 03 2015  12 23  -17.5403 23917.6 -03404.6 -08.1013 24158.7
 18 03 2015  12 24  -17.5409 23917.7 -03404.5 -08.1013 24158.8
 18 03 2015  12 25  -17.5407 23916.9 -03404.8 -08.1022 24158.1
 18 03 2015  12 26  -17.5418 23916.9 -03404.9 -08.1025 24158.1
 18 03 2015  12 27  -17.5435 23917.2 -03405.1 -08.1027 24158.4
 18 03 2015  12 28  -17.5449 23917.5 -03404.8 -08.1019 24158.7
 18 03 2015  12 29  -17.5459 23917.9 -03404.7 -08.1016 24159.0
 18 03 2015  12 30  -17.5464 23918.5 -03404.4 -08.1007 24159.6
 18 03 2015  12 31  -17.5463 23919.1 -03403.8 -08.0991 24160.1
 18 03 2015  12 32  -17.5456 23919.4 -03403.2 -08.0976 24160.2
 18 03 2015  12 33  -17.5447 23919.9 -03402.9 -08.0968 24160.7
 18 03 2015  12 34  -17.5439 23920.3 -03402.4 -08.0953 24161.1
 18 03 2015  12 35  -17.5429 23920.9 -03402.0 -08.0941 24161.6
 18 03 2015  12 36  -17.5426 23921.4 -03401.4 -08.0926 24162.0
 18 03 2015  12 37  -17.5432 23922.1 -03401.6 -08.0929 24162.8
 18 03 2015  12 38  -17.5448 23922.5 -03401.0 -08.0914 24163.0
 18 03 2015  12 39  -17.5463 23922.4 -03400.9 -08.0910 24163.0
 18 03 2015  12 40  -17.5468 23922.5 -03400.9 -08.0911 24163.0
 18 03 2015  12 41  -17.5472 23923.0 -03400.6 -08.0901 24163.5
 18 03 2015  12 42  -17.5478 23924.0 -03399.9 -08.0883 24164.3
 18 03 2015  12 43  -17.5484 23924.6 -03399.8 -08.0877 24165.0
 18 03 2015  12 44  -17.5486 23925.9 -03398.9 -08.0852 24166.1
 18 03 2015  12 45  -17.5488 23927.0 -03398.5 -08.0840 24167.1
 18 03 2015  12 46  -17.5487 23927.2 -03398.3 -08.0835 24167.3
 18 03 2015  12 47  -17.5488 23927.2 -03398.3 -08.0833 24167.3
 18 03 2015  12 48  -17.5495 23927.7 -03398.2 -08.0830 24167.8
 18 03 2015  12 49  -17.5493 23928.3 -03397.8 -08.0819 24168.4
 18 03 2015  12 50  -17.5493 23928.2 -03397.7 -08.0818 24168.2
 18 03 2015  12 51  -17.5489 23927.8 -03397.9 -08.0823 24167.9
 18 03 2015  12 52  -17.5473 23929.0 -03397.6 -08.0812 24169.0
 18 03 2015  12 53  -17.5462 23929.9 -03397.4 -08.0804 24169.9
 18 03 2015  12 54  -17.5446 23930.9 -03397.1 -08.0794 24170.8
 18 03 2015  12 55  -17.5425 23932.5 -03396.3 -08.0771 24172.3
 18 03 2015  12 56  -17.5412 23934.2 -03395.6 -08.0747 24173.9
 18 03 2015  12 57  -17.5401 23936.2 -03394.6 -08.0719 24175.7
 18 03 2015  12 58  -17.5389 23937.9 -03393.8 -08.0693 24177.3
 18 03 2015  12 59  -17.5450 23944.2 -03391.8 -08.0626 24183.3
 18 03 2015  13 00  -17.5387 23953.3 -03391.0 -08.0576 24192.1
 18 03 2015  13 01  -17.5217 23956.4 -03390.2 -08.0546 24195.1
 18 03 2015  13 02  -17.5205 23960.7 -03387.4 -08.0467 24199.0
 18 03 2015  13 03  -17.5191 23965.3 -03384.4 -08.0381 24203.1
 18 03 2015  13 04  -17.5194 23967.2 -03382.9 -08.0340 24204.7
 18 03 2015  13 05  -17.5177 23970.1 -03381.4 -08.0296 24207.4
 18 03 2015  13 06  -17.5174 23971.0 -03380.8 -08.0278 24208.2
 18 03 2015  13 07  -17.5200 23968.3 -03382.3 -08.0323 24205.8
 18 03 2015  13 08  -17.5252 23963.4 -03385.6 -08.0416 24201.3
 18 03 2015  13 09  -17.5296 23960.5 -03388.0 -08.0482 24198.9
 18 03 2015  13 10  -17.5318 23958.4 -03389.6 -08.0526 24197.0
 18 03 2015  13 11  -17.5324 23956.1 -03391.1 -08.0570 24194.9
 18 03 2015  13 12  -17.5315 23954.2 -03392.3 -08.0603 24193.2
 18 03 2015  13 13  -17.5307 23952.7 -03393.6 -08.0640 24191.9
 18 03 2015  13 14  -17.5300 23953.2 -03394.2 -08.0651 24192.4
 18 03 2015  13 15  -17.5296 23953.3 -03394.4 -08.0657 24192.6
 18 03 2015  13 16  -17.5301 23952.6 -03395.0 -08.0674 24192.0
 18 03 2015  13 17  -17.5309 23952.1 -03395.5 -08.0687 24191.6
 18 03 2015  13 18  -17.5324 23950.6 -03396.3 -08.0709 24190.2
 18 03 2015  13 19  -17.5342 23948.2 -03397.5 -08.0745 24188.0
 18 03 2015  13 20  -17.5357 23947.0 -03398.5 -08.0774 24186.9
 18 03 2015  13 21  -17.5365 23946.7 -03398.2 -08.0768 24186.7
 18 03 2015  13 22  -17.5365 23946.7 -03398.4 -08.0773 24186.7
 18 03 2015  13 23  -17.5357 23946.3 -03399.4 -08.0798 24186.4
 18 03 2015  13 24  -17.5354 23944.8 -03399.5 -08.0804 24184.9
 18 03 2015  13 25  -17.5357 23943.4 -03400.7 -08.0837 24183.7
 18 03 2015  13 26  -17.5344 23946.4 -03400.0 -08.0810 24186.5
 18 03 2015  13 27  -17.5329 23951.0 -03397.5 -08.0737 24190.7
 18 03 2015  13 28  -17.5318 23954.6 -03395.4 -08.0676 24194.0
 18 03 2015  13 29  -17.5303 23958.3 -03393.0 -08.0607 24197.4
 18 03 2015  13 30  -17.5299 23960.6 -03391.4 -08.0562 24199.4
 18 03 2015  13 31  -17.5317 23959.7 -03391.8 -08.0573 24198.6
 18 03 2015  13 32  -17.5329 23958.4 -03392.1 -08.0586 24197.3
 18 03 2015  13 33  -17.5331 23957.5 -03393.2 -08.0613 24196.6
 18 03 2015  13 34  -17.5322 23958.0 -03393.1 -08.0611 24197.1
 18 03 2015  13 35  -17.5308 23957.8 -03393.2 -08.0614 24196.9
 18 03 2015  13 36  -17.5316 23956.5 -03393.9 -08.0633 24195.7
 18 03 2015  13 37  -17.5324 23956.2 -03393.5 -08.0624 24195.4
 18 03 2015  13 38  -17.5331 23957.5 -03393.0 -08.0609 24196.6
 18 03 2015  13 39  -17.5345 23958.9 -03392.1 -08.0583 24197.8
 18 03 2015  13 40  -17.5370 23958.2 -03392.4 -08.0593 24197.2
 18 03 2015  13 41  -17.5383 23958.5 -03392.7 -08.0598 24197.5
 18 03 2015  13 42  -17.5388 23958.3 -03392.9 -08.0604 24197.3
 18 03 2015  13 43  -17.5384 23957.8 -03392.9 -08.0606 24196.9
 18 03 2015  13 44  -17.5374 23956.7 -03393.0 -08.0612 24195.7
 18 03 2015  13 45  -17.5373 23956.0 -03393.3 -08.0621 24195.2
 18 03 2015  13 46  -17.5378 23956.5 -03393.4 -08.0621 24195.7
 18 03 2015  13 47  -17.5374 23958.0 -03393.3 -08.0615 24197.1
 18 03 2015  13 48  -17.5364 23960.2 -03392.7 -08.0594 24199.2
 18 03 2015  13 49  -17.5354 23960.7 -03391.2 -08.0557 24199.5
 18 03 2015  13 50  -17.5355 23961.2 -03391.6 -08.0564 24200.0
 18 03 2015  13 51  -17.5352 23962.0 -03391.8 -08.0566 24200.8
 18 03 2015  13 52  -17.5354 23961.1 -03391.7 -08.0568 24200.0
 18 03 2015  13 53  -17.5356 23960.2 -03392.2 -08.0581 24199.2
 18 03 2015  13 54  -17.5353 23960.2 -03392.5 -08.0588 24199.2
 18 03 2015  13 55  -17.5324 23960.8 -03392.5 -08.0587 24199.7
 18 03 2015  13 56  -17.5290 23960.5 -03392.6 -08.0591 24199.5
 18 03 2015  13 57  -17.5276 23960.4 -03393.7 -08.0615 24199.6
 18 03 2015  13 58  -17.5279 23960.2 -03394.5 -08.0635 24199.4
 18 03 2015  13 59  -17.5279 23959.6 -03394.5 -08.0637 24198.9
 18 03 2015  14 00  -17.5279 23959.9 -03394.2 -08.0629 24199.2
 18 03 2015  14 01  -17.5274 23960.8 -03393.9 -08.0620 24200.0
 18 03 2015  14 02  -17.5265 23960.7 -03393.6 -08.0613 24199.8
 18 03 2015  14 03  -17.5253 23960.3 -03393.3 -08.0608 24199.4
 18 03 2015  14 04  -17.5253 23960.0 -03394.6 -08.0638 24199.3
 18 03 2015  14 05  -17.5253 23959.5 -03394.8 -08.0646 24198.8
 18 03 2015  14 06  -17.5242 23961.7 -03393.7 -08.0613 24200.9
 18 03 2015  14 07  -17.5221 23965.9 -03391.6 -08.0549 24204.7
 18 03 2015  14 08  -17.5202 23970.4 -03389.1 -08.0474 24208.8
 18 03 2015  14 09  -17.5193 23973.0 -03387.1 -08.0421 24211.1
 18 03 2015  14 10  -17.5185 23974.9 -03387.0 -08.0411 24213.0
 18 03 2015  14 11  -17.5165 23977.9 -03385.0 -08.0355 24215.7
 18 03 2015  14 12  -17.5147 23980.6 -03383.3 -08.0304 24218.1
 18 03 2015  14 13  -17.5120 23983.8 -03381.0 -08.0242 24220.9
 18 03 2015  14 14  -17.5094 23987.5 -03379.0 -08.0182 24224.3
 18 03 2015  14 15  -17.5078 23992.2 -03377.1 -08.0121 24228.7
 18 03 2015  14 16  -17.5050 23996.6 -03374.6 -08.0050 24232.7
 18 03 2015  14 17  -17.5010 24001.1 -03372.8 -07.9993 24236.9
 18 03 2015  14 18  -17.4990 24005.0 -03371.5 -07.9948 24240.6
 18 03 2015  14 19  -17.4985 24006.7 -03370.2 -07.9912 24242.1
 18 03 2015  14 20  -17.4969 24008.3 -03368.2 -07.9861 24243.4
 18 03 2015  14 21  -17.4962 24011.1 -03367.8 -07.9842 24246.1
 18 03 2015  14 22  -17.4946 24013.2 -03366.1 -07.9795 24248.0
 18 03 2015  14 23  -17.4939 24013.6 -03365.6 -07.9783 24248.3
 18 03 2015  14 24  -17.4939 24011.0 -03365.8 -07.9796 24245.8
 18 03 2015  14 25  -17.4927 24010.4 -03366.6 -07.9817 24245.3
 18 03 2015  14 26  -17.4917 24010.0 -03365.0 -07.9779 24244.6
 18 03 2015  14 27  -17.4904 24008.8 -03365.6 -07.9797 24243.5
 18 03 2015  14 28  -17.4883 24007.1 -03365.0 -07.9790 24241.8
 18 03 2015  14 29  -17.4887 24002.2 -03365.9 -07.9828 24237.1
 18 03 2015  14 30  -17.4892 23996.8 -03367.8 -07.9890 24232.0
 18 03 2015  14 31  -17.4876 23995.0 -03368.5 -07.9911 24230.3
 18 03 2015  14 32  -17.4874 23993.8 -03368.6 -07.9917 24229.1
 18 03 2015  14 33  -17.4908 23990.8 -03369.4 -07.9947 24226.2
 18 03 2015  14 34  -17.4929 23989.4 -03369.9 -07.9962 24225.0
 18 03 2015  14 35  -17.4934 23988.5 -03369.8 -07.9964 24224.0
 18 03 2015  14 36  -17.4960 23987.5 -03369.4 -07.9958 24223.0
 18 03 2015  14 37  -17.4988 23986.4 -03369.3 -07.9959 24221.9
 18 03 2015  14 38  -17.5000 23986.5 -03368.7 -07.9945 24221.9
 18 03 2015  14 39  -17.5008 23985.7 -03368.2 -07.9935 24221.0
 18 03 2015  14 40  -17.5006 23986.8 -03367.4 -07.9913 24222.0
 18 03 2015  14 41  -17.5014 23987.1 -03366.7 -07.9895 24222.2
 18 03 2015  14 42  -17.4991 23987.3 -03365.7 -07.9871 24222.3
 18 03 2015  14 43  -17.4987 23986.6 -03365.3 -07.9864 24221.5
 18 03 2015  14 44  -17.4968 23985.5 -03364.9 -07.9859 24220.3
 18 03 2015  14 45  -17.4991 23983.9 -03365.3 -07.9873 24218.8
 18 03 2015  14 46  -17.5011 23982.1 -03365.5 -07.9884 24217.1
 18 03 2015  14 47  -17.5035 23979.5 -03366.6 -07.9917 24214.7
 18 03 2015  14 48  -17.5060 23976.0 -03367.8 -07.9958 24211.3
 18 03 2015  14 49  -17.5092 23971.9 -03369.4 -08.0010 24207.5
 18 03 2015  14 50  -17.5127 23966.3 -03371.8 -08.0082 24202.3
 18 03 2015  14 51  -17.5156 23961.5 -03373.6 -08.0142 24197.8
 18 03 2015  14 52  -17.5184 23955.3 -03376.2 -08.0223 24192.1
 18 03 2015  14 53  -17.5186 23952.1 -03377.7 -08.0269 24189.1
 18 03 2015  14 54  -17.5176 23950.4 -03378.3 -08.0288 24187.5
 18 03 2015  14 55  -17.5180 23945.7 -03380.1 -08.0345 24183.1
 18 03 2015  14 56  -17.5156 23943.0 -03381.0 -08.0377 24180.6
 18 03 2015  14 57  -17.5164 23939.5 -03382.3 -08.0418 24177.3
 18 03 2015  14 58  -17.5195 23932.5 -03385.3 -08.0511 24170.8
 18 03 2015  14 59  -17.5203 23929.6 -03387.1 -08.0564 24168.1
 18 03 2015  15 00  -17.5208 23929.2 -03387.4 -08.0571 24167.7
 18 03 2015  15 01  -17.5214 23924.1 -03389.2 -08.0632 24163.0
 18 03 2015  15 02  -17.5223 23921.1 -03390.6 -08.0674 24160.2
 18 03 2015  15 03  -17.5232 23919.6 -03391.4 -08.0699 24158.8
 18 03 2015  15 04  -17.5238 23920.8 -03390.9 -08.0682 24160.0
 18 03 2015  15 05  -17.5257 23920.3 -03390.6 -08.0676 24159.5
 18 03 2015  15 06  -17.5286 23917.6 -03392.2 -08.0722 24156.9
 18 03 2015  15 07  -17.5277 23918.0 -03392.2 -08.0722 24157.4
 18 03 2015  15 08  -17.5258 23921.3 -03390.6 -08.0674 24160.4
 18 03 2015  15 09  -17.5237 23923.9 -03389.0 -08.0627 24162.8
 18 03 2015  15 10  -17.5233 23925.2 -03388.2 -08.0603 24163.9
 18 03 2015  15 11  -17.5195 23930.7 -03386.0 -08.0535 24169.0
 18 03 2015  15 12  -17.5127 23937.4 -03382.7 -08.0436 24175.2
 18 03 2015  15 13  -17.5081 23942.0 -03380.4 -08.0366 24179.4
 18 03 2015  15 14  -17.5036 23947.4 -03378.0 -08.0291 24184.4
 18 03 2015  15 15  -17.4980 23953.6 -03375.1 -08.0202 24190.2
 18 03 2015  15 16  -17.4941 23958.0 -03372.8 -08.0133 24194.3
 18 03 2015  15 17  -17.4913 23961.5 -03371.2 -08.0085 24197.5
 18 03 2015  15 18  -17.4891 23964.2 -03369.8 -08.0044 24200.0
 18 03 2015  15 19  -17.4894 23965.0 -03369.9 -08.0044 24200.8
 18 03 2015  15 20  -17.4905 23964.5 -03370.4 -08.0057 24200.3
 18 03 2015  15 21  -17.4910 23965.0 -03370.6 -08.0060 24200.8
 18 03 2015  15 22  -17.4903 23966.6 -03370.4 -08.0049 24202.5
 18 03 2015  15 23  -17.4882 23969.0 -03369.3 -08.0017 24204.7
 18 03 2015  15 24  -17.4854 23971.8 -03368.1 -07.9979 24207.3
 18 03 2015  15 25  -17.4850 23974.4 -03366.8 -07.9940 24209.7
 18 03 2015  15 26  -17.4856 23976.1 -03366.5 -07.9926 24211.3
 18 03 2015  15 27  -17.4859 23978.0 -03365.8 -07.9904 24213.0
 18 03 2015  15 28  -17.4848 23980.6 -03364.2 -07.9859 24215.4
 18 03 2015  15 29  -17.4839 23984.0 -03363.1 -07.9821 24218.7
 18 03 2015  15 30  -17.4812 23988.1 -03361.2 -07.9763 24222.4
 18 03 2015  15 31  -17.4800 23990.9 -03360.3 -07.9732 24225.1
 18 03 2015  15 32  -17.4796 23992.9 -03359.3 -07.9703 24226.9
 18 03 2015  15 33  -17.4798 23993.5 -03358.8 -07.9690 24227.5
 18 03 2015  15 34  -17.4793 23993.4 -03359.3 -07.9700 24227.4
 18 03 2015  15 35  -17.4779 23994.1 -03359.4 -07.9700 24228.1
 18 03 2015  15 36  -17.4769 23995.4 -03358.4 -07.9674 24229.3
 18 03 2015  15 37  -17.4774 23996.2 -03357.7 -07.9654 24229.9
 18 03 2015  15 38  -17.4782 23995.6 -03358.1 -07.9667 24229.4
 18 03 2015  15 39  -17.4788 23996.0 -03358.1 -07.9664 24229.8
 18 03 2015  15 40  -17.4786 23996.1 -03357.9 -07.9660 24230.0
 18 03 2015  15 41  -17.4783 23994.5 -03358.7 -07.9685 24228.4
 18 03 2015  15 42  -17.4789 23993.1 -03359.3 -07.9703 24227.1
 18 03 2015  15 43  -17.4781 23991.7 -03359.9 -07.9720 24225.8
 18 03 2015  15 44  -17.4754 23991.0 -03359.8 -07.9722 24225.1
 18 03 2015  15 45  -17.4746 23990.6 -03359.7 -07.9719 24224.8
 18 03 2015  15 46  -17.4738 23990.6 -03358.8 -07.9699 24224.5
 18 03 2015  15 47  -17.4769 23985.2 -03361.3 -07.9775 24219.6
 18 03 2015  15 48  -17.4762 23980.5 -03364.4 -07.9864 24215.4
 18 03 2015  15 49  -17.4768 23978.8 -03365.2 -07.9887 24213.8
 18 03 2015  15 50  -17.4814 23974.6 -03367.1 -07.9945 24209.9
 18 03 2015  15 51  -17.4827 23972.1 -03368.8 -07.9994 24207.6
 18 03 2015  15 52  -17.4832 23970.7 -03370.2 -08.0031 24206.5
 18 03 2015  15 53  -17.4848 23969.9 -03371.3 -08.0059 24205.8
 18 03 2015  15 54  -17.4874 23967.2 -03372.6 -08.0099 24203.3
 18 03 2015  15 55  -17.4891 23965.6 -03374.6 -08.0150 24202.0
 18 03 2015  15 56  -17.4913 23963.6 -03375.7 -08.0184 24200.2
 18 03 2015  15 57  -17.4931 23961.5 -03377.3 -08.0228 24198.3
 18 03 2015  15 58  -17.4940 23960.3 -03378.4 -08.0258 24197.3
 18 03 2015  15 59  -17.4957 23959.2 -03379.4 -08.0285 24196.3
 18 03 2015  16 00  -17.4967 23956.6 -03381.0 -08.0330 24194.0
 18 03 2015  16 01  -17.4971 23955.5 -03382.1 -08.0361 24193.1
 18 03 2015  16 02  -17.4980 23954.4 -03383.0 -08.0385 24192.1
 18 03 2015  16 03  -17.5001 23952.9 -03383.9 -08.0410 24190.8
 18 03 2015  16 04  -17.5009 23953.1 -03384.2 -08.0416 24191.0
 18 03 2015  16 05  -17.5028 23952.0 -03384.9 -08.0438 24190.0
 18 03 2015  16 06  -17.5051 23951.7 -03385.3 -08.0448 24189.8
 18 03 2015  16 07  -17.5068 23951.7 -03385.9 -08.0461 24189.8
 18 03 2015  16 08  -17.5083 23951.4 -03386.5 -08.0478 24189.6
 18 03 2015  16 09  -17.5097 23950.6 -03387.1 -08.0493 24188.9
 18 03 2015  16 10  -17.5110 23950.4 -03387.6 -08.0506 24188.8
 18 03 2015  16 11  -17.5118 23951.3 -03387.6 -08.0503 24189.6
 18 03 2015  16 12  -17.5127 23952.5 -03387.2 -08.0491 24190.8
 18 03 2015  16 13  -17.5132 23953.5 -03386.7 -08.0475 24191.8
 18 03 2015  16 14  -17.5135 23955.4 -03385.6 -08.0443 24193.5
 18 03 2015  16 15  -17.5133 23959.1 -03383.8 -08.0389 24196.8
 18 03 2015  16 16  -17.5127 23961.5 -03381.9 -08.0335 24198.9
 18 03 2015  16 17  -17.5107 23964.1 -03379.8 -08.0278 24201.2
 18 03 2015  16 18  -17.5074 23966.6 -03377.8 -08.0223 24203.5
 18 03 2015  16 19  -17.5050 23967.3 -03376.7 -08.0194 24204.0
 18 03 2015  16 20  -17.5028 23969.1 -03375.5 -08.0162 24205.6
 18 03 2015  16 21  -17.5001 23969.5 -03375.4 -08.0156 24206.0
 18 03 2015  16 22  -17.4946 23968.6 -03376.0 -08.0175 24205.2
 18 03 2015  16 23  -17.4923 23968.9 -03376.4 -08.0182 24205.5
 18 03 2015  16 24  -17.4951 23967.9 -03377.1 -08.0201 24204.6
 18 03 2015  16 25  -17.4968 23966.8 -03377.8 -08.0221 24203.7
 18 03 2015  16 26  -17.4974 23964.9 -03378.8 -08.0251 24201.9
 18 03 2015  16 27  -17.4977 23961.4 -03380.1 -08.0293 24198.7
 18 03 2015  16 28  -17.4981 23958.2 -03381.7 -08.0342 24195.7
 18 03 2015  16 29  -17.4981 23956.2 -03382.7 -08.0372 24193.9
 18 03 2015  16 30  -17.4985 23954.9 -03383.9 -08.0404 24192.7
 18 03 2015  16 31  -17.4991 23954.1 -03384.0 -08.0410 24192.0
 18 03 2015  16 32  -17.5001 23952.0 -03385.2 -08.0445 24190.1
 18 03 2015  16 33  -17.4999 23952.0 -03385.5 -08.0452 24190.1
 18 03 2015  16 34  -17.4996 23953.8 -03384.9 -08.0431 24191.8
 18 03 2015  16 35  -17.5000 23955.2 -03384.1 -08.0408 24193.0
 18 03 2015  16 36  -17.5001 23956.4 -03383.4 -08.0388 24194.2
 18 03 2015  16 37  -17.4999 23957.9 -03382.7 -08.0368 24195.5
 18 03 2015  16 38  -17.4998 23959.8 -03382.0 -08.0344 24197.3
 18 03 2015  16 39  -17.5010 23961.7 -03381.3 -08.0320 24199.1
 18 03 2015  16 40  -17.5011 23964.5 -03379.6 -08.0271 24201.7
 18 03 2015  16 41  -17.5006 23967.9 -03377.4 -08.0209 24204.6
 18 03 2015  16 42  -17.4996 23971.5 -03375.0 -08.0141 24207.9
 18 03 2015  16 43  -17.4989 23974.4 -03372.9 -08.0082 24210.5
 18 03 2015  16 44  -17.4987 23974.9 -03372.0 -08.0059 24210.9
 18 03 2015  16 45  -17.4996 23974.1 -03371.8 -08.0057 24210.1
 18 03 2015  16 46  -17.5019 23972.1 -03372.4 -08.0077 24208.2
 18 03 2015  16 47  -17.5028 23970.7 -03372.9 -08.0094 24206.8
 18 03 2015  16 48  -17.5033 23969.8 -03373.5 -08.0111 24206.0
 18 03 2015  16 49  -17.5034 23969.6 -03373.0 -08.0100 24205.8
 18 03 2015  16 50  -17.5039 23969.5 -03373.1 -08.0103 24205.6
 18 03 2015  16 51  -17.5046 23969.3 -03373.3 -08.0110 24205.5
 18 03 2015  16 52  -17.5053 23968.8 -03373.4 -08.0112 24205.0
 18 03 2015  16 53  -17.5052 23968.6 -03373.4 -08.0113 24204.8
 18 03 2015  16 54  -17.5055 23968.7 -03373.3 -08.0111 24204.9
 18 03 2015  16 55  -17.5064 23968.5 -03373.0 -08.0104 24204.7
 18 03 2015  16 56  -17.5065 23968.0 -03373.7 -08.0121 24204.3
 18 03 2015  16 57  -17.5065 23968.4 -03373.2 -08.0108 24204.6
 18 03 2015  16 58  -17.5068 23968.8 -03373.0 -08.0102 24205.0
 18 03 2015  16 59  -17.5066 23969.0 -03372.6 -08.0092 24205.1
 18 03 2015  17 00  -17.5072 23968.7 -03372.5 -08.0093 24204.8
 18 03 2015  17 01  -17.5078 23968.2 -03372.5 -08.0094 24204.3
 18 03 2015  17 02  -17.5080 23968.8 -03372.3 -08.0086 24204.9
 18 03 2015  17 03  -17.5086 23969.8 -03371.7 -08.0070 24205.8
 18 03 2015  17 04  -17.5097 23970.6 -03371.1 -08.0052 24206.5
 18 03 2015  17 05  -17.5116 23971.1 -03370.4 -08.0035 24206.9
 18 03 2015  17 06  -17.5121 23972.4 -03369.4 -08.0007 24208.0
 18 03 2015  17 07  -17.5114 23973.3 -03368.8 -07.9989 24208.9
 18 03 2015  17 08  -17.5115 23973.9 -03368.0 -07.9968 24209.3
 18 03 2015  17 09  -17.5128 23974.4 -03367.3 -07.9951 24209.7
 18 03 2015  17 10  -17.5123 23976.2 -03366.2 -07.9920 24211.3
 18 03 2015  17 11  -17.5109 23977.8 -03365.1 -07.9888 24212.8
 18 03 2015  17 12  -17.5106 23977.7 -03364.8 -07.9883 24212.7
 18 03 2015  17 13  -17.5113 23976.5 -03365.2 -07.9895 24211.5
 18 03 2015  17 14  -17.5117 23974.6 -03365.7 -07.9914 24209.7
 18 03 2015  17 15  -17.5129 23972.8 -03366.4 -07.9934 24208.0
 18 03 2015  17 16  -17.5128 23971.4 -03366.8 -07.9950 24206.7
 18 03 2015  17 17  -17.5126 23971.1 -03366.8 -07.9949 24206.4
 18 03 2015  17 18  -17.5131 23971.1 -03366.8 -07.9950 24206.4
 18 03 2015  17 19  -17.5125 23972.1 -03366.3 -07.9934 24207.3
 18 03 2015  17 20  -17.5119 23972.5 -03365.9 -07.9924 24207.6
 18 03 2015  17 21  -17.5119 23971.7 -03365.9 -07.9927 24206.8
 18 03 2015  17 22  -17.5114 23970.5 -03366.1 -07.9936 24205.7
 18 03 2015  17 23  -17.5120 23969.4 -03366.3 -07.9943 24204.6
 18 03 2015  17 24  -17.5123 23968.6 -03366.5 -07.9951 24203.8
 18 03 2015  17 25  -17.5125 23968.2 -03366.7 -07.9957 24203.5
 18 03 2015  17 26  -17.5121 23967.1 -03367.0 -07.9968 24202.5
 18 03 2015  17 27  -17.5124 23966.5 -03367.2 -07.9974 24201.9
 18 03 2015  17 28  -17.5136 23967.2 -03366.8 -07.9963 24202.5
 18 03 2015  17 29  -17.5144 23968.1 -03366.2 -07.9946 24203.3
 18 03 2015  17 30  -17.5154 23968.5 -03365.7 -07.9934 24203.6
 18 03 2015  17 31  -17.5174 23968.4 -03366.0 -07.9941 24203.6
 18 03 2015  17 32  -17.5196 23968.7 -03365.5 -07.9927 24203.8
 18 03 2015  17 33  -17.5207 23968.7 -03365.6 -07.9931 24203.9
 18 03 2015  17 34  -17.5182 23970.8 -03364.6 -07.9900 24205.8
 18 03 2015  17 35  -17.5184 23971.0 -03363.5 -07.9873 24205.8
 18 03 2015  17 36  -17.5204 23969.3 -03364.0 -07.9891 24204.2
 18 03 2015  17 37  -17.5212 23970.0 -03364.1 -07.9890 24204.9
 18 03 2015  17 38  -17.5225 23972.6 -03362.9 -07.9854 24207.3
 18 03 2015  17 39  -17.5239 23972.9 -03362.6 -07.9846 24207.6
 18 03 2015  17 40  -17.5228 23972.2 -03362.3 -07.9841 24206.8
 18 03 2015  17 41  -17.5201 23970.1 -03362.4 -07.9851 24204.8
 18 03 2015  17 42  -17.5198 23970.0 -03362.1 -07.9843 24204.6
 18 03 2015  17 43  -17.5202 23970.8 -03361.3 -07.9823 24205.3
 18 03 2015  17 44  -17.5213 23970.6 -03360.8 -07.9811 24205.1
 18 03 2015  17 45  -17.5206 23967.9 -03361.4 -07.9833 24202.4
 18 03 2015  17 46  -17.5191 23967.1 -03361.4 -07.9836 24201.6
 18 03 2015  17 47  -17.5189 23967.1 -03360.5 -07.9815 24201.6
 18 03 2015  17 48  -17.5185 23968.0 -03360.4 -07.9810 24202.4
 18 03 2015  17 49  -17.5184 23970.6 -03359.1 -07.9771 24204.8
 18 03 2015  17 50  -17.5195 23973.5 -03357.6 -07.9726 24207.5
 18 03 2015  17 51  -17.5204 23975.5 -03356.1 -07.9686 24209.2
 18 03 2015  17 52  -17.5215 23976.4 -03355.4 -07.9666 24210.1
 18 03 2015  17 53  -17.5220 23977.3 -03354.7 -07.9646 24210.8
 18 03 2015  17 54  -17.5224 23977.9 -03353.7 -07.9620 24211.3
 18 03 2015  17 55  -17.5228 23978.9 -03353.1 -07.9603 24212.2
 18 03 2015  17 56  -17.5230 23980.4 -03352.0 -07.9572 24213.6
 18 03 2015  17 57  -17.5237 23981.8 -03350.9 -07.9543 24214.8
 18 03 2015  17 58  -17.5237 23982.4 -03350.1 -07.9522 24215.3
 18 03 2015  17 59  -17.5238 23981.7 -03349.5 -07.9511 24214.5
 18 03 2015  18 00  -17.5254 23979.6 -03349.6 -07.9520 24212.4
 18 03 2015  18 01  -17.5266 23976.3 -03350.6 -07.9553 24209.3
 18 03 2015  18 02  -17.5272 23972.9 -03351.8 -07.9594 24206.0
 18 03 2015  18 03  -17.5264 23971.2 -03352.0 -07.9604 24204.4
 18 03 2015  18 04  -17.5271 23969.6 -03352.1 -07.9611 24202.9
 18 03 2015  18 05  -17.5288 23967.4 -03352.6 -07.9630 24200.8
 18 03 2015  18 06  -17.5304 23966.3 -03352.8 -07.9638 24199.7
 18 03 2015  18 07  -17.5317 23965.5 -03352.7 -07.9637 24198.8
 18 03 2015  18 08  -17.5331 23964.0 -03352.7 -07.9643 24197.4
 18 03 2015  18 09  -17.5348 23962.5 -03353.1 -07.9656 24196.0
 18 03 2015  18 10  -17.5362 23961.5 -03353.3 -07.9664 24195.0
 18 03 2015  18 11  -17.5376 23960.8 -03353.1 -07.9663 24194.3
 18 03 2015  18 12  -17.5386 23960.5 -03352.9 -07.9660 24194.0
 18 03 2015  18 13  -17.5392 23960.8 -03352.6 -07.9652 24194.2
 18 03 2015  18 14  -17.5394 23960.9 -03352.1 -07.9640 24194.2
 18 03 2015  18 15  -17.5398 23960.8 -03352.0 -07.9636 24194.1
 18 03 2015  18 16  -17.5406 23960.2 -03352.0 -07.9639 24193.6
 18 03 2015  18 17  -17.5408 23959.9 -03351.9 -07.9637 24193.2
 18 03 2015  18 18  -17.5413 23960.3 -03351.8 -07.9634 24193.6
 18 03 2015  18 19  -17.5418 23960.5 -03351.5 -07.9626 24193.7
 18 03 2015  18 20  -17.5422 23960.3 -03351.4 -07.9626 24193.5
 18 03 2015  18 21  -17.5427 23959.3 -03351.6 -07.9632 24192.6
 18 03 2015  18 22  -17.5430 23958.7 -03351.7 -07.9638 24192.0
 18 03 2015  18 23  -17.5444 23958.5 -03351.8 -07.9641 24191.8
 18 03 2015  18 24  -17.5459 23958.7 -03351.8 -07.9639 24192.0
 18 03 2015  18 25  -17.5467 23958.5 -03351.6 -07.9636 24191.8
 18 03 2015  18 26  -17.5471 23958.3 -03351.9 -07.9644 24191.6
 18 03 2015  18 27  -17.5474 23958.4 -03352.0 -07.9644 24191.8
 18 03 2015  18 28  -17.5483 23958.9 -03352.0 -07.9643 24192.3
 18 03 2015  18 29  -17.5496 23959.9 -03351.0 -07.9616 24193.1
 18 03 2015  18 30  -17.5490 23960.0 -03350.5 -07.9604 24193.1
 18 03 2015  18 31  -17.5471 23958.8 -03350.7 -07.9613 24192.0
 18 03 2015  18 32  -17.5453 23956.6 -03351.1 -07.9631 24189.9
 18 03 2015  18 33  -17.5442 23955.5 -03351.8 -07.9649 24188.9
 18 03 2015  18 34  -17.5432 23956.3 -03351.6 -07.9643 24189.6
 18 03 2015  18 35  -17.5424 23957.4 -03350.4 -07.9611 24190.5
 18 03 2015  18 36  -17.5413 23957.3 -03350.2 -07.9605 24190.4
 18 03 2015  18 37  -17.5412 23957.0 -03350.0 -07.9603 24190.1
 18 03 2015  18 38  -17.5416 23957.3 -03349.9 -07.9600 24190.4
 18 03 2015  18 39  -17.5419 23957.1 -03349.6 -07.9593 24190.1
 18 03 2015  18 40  -17.5417 23955.9 -03350.0 -07.9606 24189.0
 18 03 2015  18 41  -17.5429 23955.4 -03350.1 -07.9610 24188.5
 18 03 2015  18 42  -17.5432 23955.7 -03349.9 -07.9605 24188.8
 18 03 2015  18 43  -17.5424 23955.0 -03350.1 -07.9611 24188.1
 18 03 2015  18 44  -17.5410 23953.9 -03350.5 -07.9624 24187.0
 18 03 2015  18 45  -17.5415 23956.2 -03349.8 -07.9600 24189.2
 18 03 2015  18 46  -17.5427 23954.7 -03350.3 -07.9617 24187.8
 18 03 2015  18 47  -17.5429 23953.7 -03351.0 -07.9637 24186.9
 18 03 2015  18 48  -17.5424 23952.2 -03351.4 -07.9652 24185.5
 18 03 2015  18 49  -17.5428 23950.8 -03351.9 -07.9667 24184.2
 18 03 2015  18 50  -17.5439 23950.3 -03351.9 -07.9669 24183.7
 18 03 2015  18 51  -17.5434 23951.3 -03351.6 -07.9659 24184.6
 18 03 2015  18 52  -17.5430 23951.7 -03350.6 -07.9635 24184.9
 18 03 2015  18 53  -17.5423 23951.3 -03350.7 -07.9638 24184.6
 18 03 2015  18 54  -17.5406 23950.9 -03350.4 -07.9632 24184.1
 18 03 2015  18 55  -17.5389 23950.6 -03350.4 -07.9633 24183.8
 18 03 2015  18 56  -17.5376 23949.6 -03350.3 -07.9635 24182.8
 18 03 2015  18 57  -17.5369 23948.8 -03350.7 -07.9646 24182.0
 18 03 2015  18 58  -17.5369 23949.0 -03350.5 -07.9641 24182.2
 18 03 2015  18 59  -17.5363 23948.9 -03350.4 -07.9638 24182.1
 18 03 2015  19 00  -17.5363 23948.0 -03350.4 -07.9642 24181.2
 18 03 2015  19 01  -17.5353 23947.1 -03350.6 -07.9650 24180.4
 18 03 2015  19 02  -17.5347 23946.9 -03350.8 -07.9654 24180.2
 18 03 2015  19 03  -17.5345 23946.5 -03350.9 -07.9658 24179.8
 18 03 2015  19 04  -17.5336 23945.7 -03351.0 -07.9663 24179.1
 18 03 2015  19 05  -17.5332 23944.3 -03351.4 -07.9677 24177.7
 18 03 2015  19 06  -17.5332 23943.5 -03351.6 -07.9683 24177.0
 18 03 2015  19 07  -17.5338 23942.7 -03351.7 -07.9690 24176.2
 18 03 2015  19 08  -17.5354 23941.6 -03352.0 -07.9699 24175.1
 18 03 2015  19 09  -17.5365 23942.0 -03351.5 -07.9688 24175.5
 18 03 2015  19 10  -17.5385 23941.6 -03351.7 -07.9692 24175.1
 18 03 2015  19 11  -17.5394 23941.8 -03351.1 -07.9679 24175.2
 18 03 2015  19 12  -17.5399 23941.9 -03350.2 -07.9658 24175.1
 18 03 2015  19 13  -17.5418 23940.7 -03350.8 -07.9675 24174.1
 18 03 2015  19 14  -17.5435 23938.3 -03351.6 -07.9701 24171.8
 18 03 2015  19 15  -17.5449 23935.5 -03352.1 -07.9722 24169.1
 18 03 2015  19 16  -17.5452 23933.2 -03352.7 -07.9744 24166.9
 18 03 2015  19 17  -17.5444 23932.8 -03352.3 -07.9736 24166.5
 18 03 2015  19 18  -17.5440 23933.8 -03351.7 -07.9719 24167.3
 18 03 2015  19 19  -17.5439 23933.8 -03351.4 -07.9711 24167.3
 18 03 2015  19 20  -17.5427 23932.6 -03350.8 -07.9701 24166.0
 18 03 2015  19 21  -17.5436 23930.4 -03351.6 -07.9727 24164.0
 18 03 2015  19 22  -17.5432 23930.0 -03351.0 -07.9714 24163.5
 18 03 2015  19 23  -17.5438 23930.4 -03350.5 -07.9702 24163.8
 18 03 2015  19 24  -17.5454 23929.9 -03349.7 -07.9685 24163.2
 18 03 2015  19 25  -17.5469 23928.9 -03350.3 -07.9701 24162.3
 18 03 2015  19 26  -17.5475 23927.6 -03349.8 -07.9693 24161.0
 18 03 2015  19 27  -17.5485 23926.3 -03351.2 -07.9732 24159.8
 18 03 2015  19 28  -17.5500 23925.5 -03350.7 -07.9722 24159.0
 18 03 2015  19 29  -17.5495 23926.8 -03349.3 -07.9686 24160.0
 18 03 2015  19 30  -17.5507 23925.5 -03349.5 -07.9695 24158.8
 18 03 2015  19 31  -17.5507 23925.1 -03349.0 -07.9683 24158.4
 18 03 2015  19 32  -17.5505 23925.9 -03348.6 -07.9672 24159.1
 18 03 2015  19 33  -17.5514 23925.8 -03348.2 -07.9663 24159.0
 18 03 2015  19 34  -17.5516 23926.1 -03347.7 -07.9650 24159.1
 18 03 2015  19 35  -17.5518 23925.3 -03347.8 -07.9656 24158.4
 18 03 2015  19 36  -17.5530 23924.0 -03348.4 -07.9673 24157.2
 18 03 2015  19 37  -17.5533 23922.4 -03347.9 -07.9666 24155.5
 18 03 2015  19 38  -17.5528 23922.1 -03348.7 -07.9687 24155.4
 18 03 2015  19 39  -17.5537 23921.9 -03348.8 -07.9690 24155.1
 18 03 2015  19 40  -17.5536 23923.6 -03347.4 -07.9651 24156.6
 18 03 2015  19 41  -17.5538 23924.8 -03347.7 -07.9655 24157.9
 18 03 2015  19 42  -17.5545 23925.1 -03346.9 -07.9634 24158.0
 18 03 2015  19 43  -17.5544 23925.5 -03346.8 -07.9630 24158.4
 18 03 2015  19 44  -17.5539 23925.4 -03346.2 -07.9618 24158.2
 18 03 2015  19 45  -17.5541 23924.8 -03346.8 -07.9634 24157.7
 18 03 2015  19 46  -17.5554 23924.9 -03346.5 -07.9627 24157.9
 18 03 2015  19 47  -17.5542 23924.4 -03346.4 -07.9625 24157.3
 18 03 2015  19 48  -17.5511 23921.1 -03348.2 -07.9678 24154.3
 18 03 2015  19 49  -17.5494 23922.7 -03347.3 -07.9651 24155.8
 18 03 2015  19 50  -17.5492 23926.8 -03346.2 -07.9613 24159.6
 18 03 2015  19 51  -17.5499 23927.0 -03345.6 -07.9597 24159.7
 18 03 2015  19 52  -17.5502 23924.2 -03346.8 -07.9635 24157.1
 18 03 2015  19 53  -17.5506 23923.0 -03347.5 -07.9656 24156.1
 18 03 2015  19 54  -17.5482 23923.0 -03347.5 -07.9655 24156.1
 18 03 2015  19 55  -17.5442 23923.6 -03347.5 -07.9654 24156.7
 18 03 2015  19 56  -17.5427 23923.8 -03347.4 -07.9651 24156.8
 18 03 2015  19 57  -17.5420 23924.3 -03347.3 -07.9646 24157.3
 18 03 2015  19 58  -17.5413 23924.1 -03347.6 -07.9654 24157.1
 18 03 2015  19 59  -17.5412 23924.5 -03347.7 -07.9654 24157.6
 18 03 2015  20 00  -17.5421 23925.0 -03347.6 -07.9652 24158.0
 18 03 2015  20 01  -17.5416 23925.3 -03348.0 -07.9659 24158.4
 18 03 2015  20 02  -17.5415 23925.9 -03347.1 -07.9636 24158.9
 18 03 2015  20 03  -17.5419 23926.6 -03347.6 -07.9646 24159.7
 18 03 2015  20 04  -17.5419 23927.0 -03347.4 -07.9640 24160.0
 18 03 2015  20 05  -17.5418 23926.2 -03347.9 -07.9655 24159.3
 18 03 2015  20 06  -17.5410 23927.1 -03347.7 -07.9648 24160.1
 18 03 2015  20 07  -17.5406 23928.0 -03347.5 -07.9639 24161.0
 18 03 2015  20 08  -17.5410 23927.8 -03347.4 -07.9638 24160.8
 18 03 2015  20 09  -17.5416 23927.2 -03347.5 -07.9641 24160.2
 18 03 2015  20 10  -17.5416 23927.0 -03347.5 -07.9642 24160.0
 18 03 2015  20 11  -17.5421 23927.0 -03347.6 -07.9646 24160.0
 18 03 2015  20 12  -17.5414 23928.1 -03347.2 -07.9632 24161.0
 18 03 2015  20 13  -17.5403 23928.7 -03346.9 -07.9623 24161.6
 18 03 2015  20 14  -17.5397 23929.1 -03346.9 -07.9622 24162.0
 18 03 2015  20 15  -17.5394 23929.3 -03347.1 -07.9625 24162.2
 18 03 2015  20 16  -17.5388 23929.7 -03347.0 -07.9621 24162.6
 18 03 2015  20 17  -17.5381 23929.9 -03347.0 -07.9621 24162.8
 18 03 2015  20 18  -17.5380 23929.4 -03347.3 -07.9629 24162.4
 18 03 2015  20 19  -17.5382 23928.9 -03347.5 -07.9636 24161.9
 18 03 2015  20 20  -17.5377 23928.5 -03347.7 -07.9641 24161.5
 18 03 2015  20 21  -17.5373 23928.3 -03347.6 -07.9640 24161.3
 18 03 2015  20 22  -17.5372 23928.0 -03347.5 -07.9640 24161.0
 18 03 2015  20 23  -17.5371 23927.8 -03347.5 -07.9639 24160.9
 18 03 2015  20 24  -17.5367 23927.5 -03347.5 -07.9641 24160.5
 18 03 2015  20 25  -17.5360 23927.9 -03347.6 -07.9641 24161.0
 18 03 2015  20 26  -17.5354 23928.2 -03347.8 -07.9647 24161.2
 18 03 2015  20 27  -17.5353 23927.8 -03347.6 -07.9642 24160.8
 18 03 2015  20 28  -17.5355 23927.1 -03347.8 -07.9649 24160.1
 18 03 2015  20 29  -17.5348 23926.7 -03348.9 -07.9676 24159.9
 18 03 2015  20 30  -17.5340 23926.8 -03347.8 -07.9651 24159.8
 18 03 2015  20 31  -17.5338 23926.7 -03348.4 -07.9665 24159.8
 18 03 2015  20 32  -17.5334 23927.0 -03348.2 -07.9659 24160.1
 18 03 2015  20 33  -17.5333 23927.3 -03348.5 -07.9664 24160.4
 18 03 2015  20 34  -17.5330 23927.0 -03348.4 -07.9665 24160.2
 18 03 2015  20 35  -17.5321 23927.2 -03348.6 -07.9667 24160.4
 18 03 2015  20 36  -17.5317 23927.8 -03348.6 -07.9666 24160.9
 18 03 2015  20 37  -17.5316 23928.3 -03348.5 -07.9662 24161.4
 18 03 2015  20 38  -17.5316 23928.5 -03348.7 -07.9665 24161.7
 18 03 2015  20 39  -17.5317 23928.5 -03349.0 -07.9673 24161.7
 18 03 2015  20 40  -17.5315 23928.7 -03349.3 -07.9678 24161.9
 18 03 2015  20 41  -17.5317 23928.6 -03349.6 -07.9685 24161.9
 18 03 2015  20 42  -17.5318 23928.5 -03349.8 -07.9691 24161.9
 18 03 2015  20 43  -17.5319 23929.2 -03349.9 -07.9692 24162.5
 18 03 2015  20 44  -17.5324 23929.4 -03350.0 -07.9694 24162.7
 18 03 2015  20 45  -17.5331 23929.0 -03350.3 -07.9701 24162.4
 18 03 2015  20 46  -17.5335 23928.9 -03350.4 -07.9705 24162.3
 18 03 2015  20 47  -17.5334 23929.0 -03350.6 -07.9709 24162.5
 18 03 2015  20 48  -17.5333 23928.9 -03350.9 -07.9717 24162.4
 18 03 2015  20 49  -17.5329 23928.7 -03350.9 -07.9717 24162.2
 18 03 2015  20 50  -17.5332 23928.2 -03351.3 -07.9727 24161.7
 18 03 2015  20 51  -17.5339 23927.7 -03351.3 -07.9730 24161.3
 18 03 2015  20 52  -17.5347 23927.5 -03351.5 -07.9735 24161.0
 18 03 2015  20 53  -17.5356 23927.3 -03351.6 -07.9737 24160.9
 18 03 2015  20 54  -17.5360 23927.7 -03351.4 -07.9733 24161.2
 18 03 2015  20 55  -17.5365 23928.7 -03351.2 -07.9724 24162.2
 18 03 2015  20 56  -17.5367 23929.9 -03351.0 -07.9714 24163.4
 18 03 2015  20 57  -17.5379 23930.5 -03351.1 -07.9715 24164.0
 18 03 2015  20 58  -17.5387 23929.6 -03351.6 -07.9731 24163.2
 18 03 2015  20 59  -17.5382 23929.3 -03351.8 -07.9736 24162.9
 18 03 2015  21 00  -17.5378 23929.1 -03351.8 -07.9736 24162.7
 18 03 2015  21 01  -17.5370 23928.7 -03352.1 -07.9744 24162.3
 18 03 2015  21 02  -17.5366 23928.1 -03352.2 -07.9749 24161.7
 18 03 2015  21 03  -17.5359 23928.1 -03352.3 -07.9751 24161.8
 18 03 2015  21 04  -17.5357 23927.8 -03352.5 -07.9756 24161.5
 18 03 2015  21 05  -17.5359 23927.1 -03352.7 -07.9765 24160.8
 18 03 2015  21 06  -17.5362 23926.0 -03353.1 -07.9778 24159.8
 18 03 2015  21 07  -17.5362 23925.5 -03353.2 -07.9781 24159.4
 18 03 2015  21 08  -17.5362 23925.1 -03353.3 -07.9786 24158.9
 18 03 2015  21 09  -17.5364 23924.8 -03353.4 -07.9788 24158.7
 18 03 2015  21 10  -17.5366 23924.4 -03353.6 -07.9794 24158.3
 18 03 2015  21 11  -17.5366 23924.0 -03353.7 -07.9799 24157.9
 18 03 2015  21 12  -17.5366 23923.7 -03353.8 -07.9800 24157.7
 18 03 2015  21 13  -17.5366 23923.6 -03354.0 -07.9806 24157.5
 18 03 2015  21 14  -17.5363 23923.4 -03354.1 -07.9809 24157.4
 18 03 2015  21 15  -17.5357 23923.5 -03354.1 -07.9810 24157.5
 18 03 2015  21 16  -17.5354 23923.4 -03354.3 -07.9813 24157.4
 18 03 2015  21 17  -17.5351 23922.9 -03354.6 -07.9822 24157.0
 18 03 2015  21 18  -17.5350 23922.2 -03354.9 -07.9833 24156.3
 18 03 2015  21 19  -17.5346 23921.6 -03355.1 -07.9839 24155.8
 18 03 2015  21 20  -17.5341 23921.5 -03355.2 -07.9841 24155.6
 18 03 2015  21 21  -17.5337 23921.8 -03355.2 -07.9840 24155.9
 18 03 2015  21 22  -17.5339 23922.0 -03355.2 -07.9840 24156.1
 18 03 2015  21 23  -17.5346 23921.8 -03355.3 -07.9842 24156.0
 18 03 2015  21 24  -17.5357 23921.7 -03355.8 -07.9854 24155.9
 18 03 2015  21 25  -17.5365 23921.6 -03355.8 -07.9855 24155.9
 18 03 2015  21 26  -17.5370 23921.6 -03355.8 -07.9854 24155.8
 18 03 2015  21 27  -17.5379 23921.5 -03356.1 -07.9862 24155.8
 18 03 2015  21 28  -17.5381 23921.5 -03356.1 -07.9862 24155.7
 18 03 2015  21 29  -17.5381 23921.5 -03355.7 -07.9854 24155.7
 18 03 2015  21 30  -17.5384 23921.2 -03356.0 -07.9861 24155.5
 18 03 2015  21 31  -17.5387 23920.8 -03356.3 -07.9869 24155.1
 18 03 2015  21 32  -17.5391 23920.6 -03356.4 -07.9872 24154.9
 18 03 2015  21 33  -17.5397 23920.3 -03356.4 -07.9872 24154.7
 18 03 2015  21 34  -17.5405 23920.4 -03356.6 -07.9877 24154.7
 18 03 2015  21 35  -17.5412 23920.6 -03356.5 -07.9875 24155.0
 18 03 2015  21 36  -17.5421 23920.6 -03356.7 -07.9880 24154.9
 18 03 2015  21 37  -17.5431 23920.5 -03356.4 -07.9872 24154.8
 18 03 2015  21 38  -17.5442 23920.7 -03356.5 -07.9875 24155.0
 18 03 2015  21 39  -17.5451 23920.8 -03356.8 -07.9881 24155.2
 18 03 2015  21 40  -17.5455 23921.1 -03356.5 -07.9873 24155.5
 18 03 2015  21 41  -17.5462 23920.8 -03356.7 -07.9879 24155.2
 18 03 2015  21 42  -17.5470 23920.2 -03357.1 -07.9889 24154.7
 18 03 2015  21 43  -17.5472 23920.4 -03357.0 -07.9888 24154.8
 18 03 2015  21 44  -17.5472 23920.5 -03357.0 -07.9886 24154.9
 18 03 2015  21 45  -17.5472 23920.3 -03357.1 -07.9889 24154.7
 18 03 2015  21 46  -17.5472 23920.0 -03357.2 -07.9892 24154.5
 18 03 2015  21 47  -17.5470 23920.2 -03357.2 -07.9892 24154.6
 18 03 2015  21 48  -17.5469 23920.1 -03357.1 -07.9891 24154.5
 18 03 2015  21 49  -17.5465 23920.3 -03357.2 -07.9893 24154.7
 18 03 2015  21 50  -17.5465 23920.4 -03357.0 -07.9888 24154.8
 18 03 2015  21 51  -17.5464 23920.3 -03357.1 -07.9889 24154.7
 18 03 2015  21 52  -17.5464 23920.3 -03357.1 -07.9890 24154.7
 18 03 2015  21 53  -17.5465 23920.2 -03357.1 -07.9890 24154.7
 18 03 2015  21 54  -17.5467 23920.4 -03357.2 -07.9892 24154.9
 18 03 2015  21 55  -17.5469 23920.3 -03357.3 -07.9894 24154.7
 18 03 2015  21 56  -17.5471 23920.3 -03357.3 -07.9895 24154.7
 18 03 2015  21 57  -17.5474 23920.5 -03357.2 -07.9893 24154.9
 18 03 2015  21 58  -17.5476 23920.8 -03357.3 -07.9892 24155.2
 18 03 2015  21 59  -17.5481 23920.8 -03357.5 -07.9897 24155.2
 18 03 2015  22 00  -17.5486 23921.1 -03357.5 -07.9898 24155.5
 18 03 2015  22 01  -17.5489 23921.5 -03357.6 -07.9898 24156.0
 18 03 2015  22 02  -17.5492 23921.9 -03357.6 -07.9897 24156.4
 18 03 2015  22 03  -17.5495 23922.1 -03357.8 -07.9901 24156.6
 18 03 2015  22 04  -17.5496 23922.4 -03358.0 -07.9904 24157.0
 18 03 2015  22 05  -17.5496 23922.4 -03358.2 -07.9909 24157.0
 18 03 2015  22 06  -17.5497 23922.6 -03358.4 -07.9912 24157.1
 18 03 2015  22 07  -17.5496 23922.8 -03358.6 -07.9917 24157.4
 18 03 2015  22 08  -17.5494 23922.9 -03358.7 -07.9918 24157.5
 18 03 2015  22 09  -17.5494 23923.0 -03359.1 -07.9927 24157.7
 18 03 2015  22 10  -17.5495 23923.1 -03359.2 -07.9930 24157.8
 18 03 2015  22 11  -17.5495 23923.5 -03359.1 -07.9926 24158.1
 18 03 2015  22 12  -17.5500 23923.5 -03359.3 -07.9931 24158.2
 18 03 2015  22 13  -17.5513 23922.7 -03359.8 -07.9945 24157.5
 18 03 2015  22 14  -17.5524 23921.8 -03360.1 -07.9956 24156.7
 18 03 2015  22 15  -17.5528 23921.2 -03360.4 -07.9966 24156.1
 18 03 2015  22 16  -17.5530 23921.0 -03360.4 -07.9964 24155.9
 18 03 2015  22 17  -17.5531 23921.0 -03360.4 -07.9966 24155.9
 18 03 2015  22 18  -17.5535 23920.4 -03360.7 -07.9975 24155.3
 18 03 2015  22 19  -17.5546 23919.1 -03361.0 -07.9986 24154.1
 18 03 2015  22 20  -17.5555 23918.2 -03361.2 -07.9993 24153.2
 18 03 2015  22 21  -17.5566 23917.2 -03361.5 -08.0004 24152.3
 18 03 2015  22 22  -17.5577 23916.5 -03361.6 -08.0007 24151.6
 18 03 2015  22 23  -17.5592 23915.7 -03361.8 -08.0016 24150.8
 18 03 2015  22 24  -17.5610 23915.4 -03361.4 -08.0008 24150.4
 18 03 2015  22 25  -17.5628 23914.9 -03361.9 -08.0022 24150.1
 18 03 2015  22 26  -17.5640 23914.7 -03361.8 -08.0020 24149.9
 18 03 2015  22 27  -17.5653 23914.0 -03362.1 -08.0028 24149.2
 18 03 2015  22 28  -17.5665 23913.1 -03362.1 -08.0030 24148.3
 18 03 2015  22 29  -17.5673 23912.8 -03362.5 -08.0042 24148.0
 18 03 2015  22 30  -17.5683 23912.5 -03362.5 -08.0042 24147.7
 18 03 2015  22 31  -17.5696 23911.8 -03362.5 -08.0045 24147.1
 18 03 2015  22 32  -17.5702 23912.0 -03362.5 -08.0043 24147.3
 18 03 2015  22 33  -17.5711 23911.9 -03362.2 -08.0038 24147.1
 18 03 2015  22 34  -17.5724 23911.9 -03362.7 -08.0050 24147.2
 18 03 2015  22 35  -17.5737 23912.2 -03362.8 -08.0051 24147.5
 18 03 2015  22 36  -17.5743 23912.6 -03362.9 -08.0053 24147.9
 18 03 2015  22 37  -17.5746 23913.2 -03362.9 -08.0049 24148.5
 18 03 2015  22 38  -17.5753 23913.4 -03363.0 -08.0051 24148.7
 18 03 2015  22 39  -17.5754 23913.5 -03362.9 -08.0048 24148.8
 18 03 2015  22 40  -17.5756 23914.0 -03363.0 -08.0049 24149.3
 18 03 2015  22 41  -17.5759 23914.5 -03362.5 -08.0036 24149.8
 18 03 2015  22 42  -17.5757 23915.4 -03362.7 -08.0039 24150.6
 18 03 2015  22 43  -17.5748 23916.7 -03362.3 -08.0025 24151.9
 18 03 2015  22 44  -17.5746 23917.4 -03362.6 -08.0028 24152.6
 18 03 2015  22 45  -17.5746 23918.0 -03362.5 -08.0025 24153.2
 18 03 2015  22 46  -17.5745 23918.9 -03362.4 -08.0020 24154.1
 18 03 2015  22 47  -17.5744 23920.0 -03362.3 -08.0013 24155.1
 18 03 2015  22 48  -17.5741 23921.0 -03362.1 -08.0006 24156.1
 18 03 2015  22 49  -17.5736 23921.9 -03362.2 -08.0004 24157.0
 18 03 2015  22 50  -17.5728 23922.6 -03362.0 -07.9998 24157.7
 18 03 2015  22 51  -17.5715 23923.1 -03362.0 -07.9996 24158.2
 18 03 2015  22 52  -17.5701 23923.6 -03361.8 -07.9990 24158.6
 18 03 2015  22 53  -17.5684 23924.6 -03361.7 -07.9983 24159.6
 18 03 2015  22 54  -17.5665 23925.8 -03361.5 -07.9975 24160.8
 18 03 2015  22 55  -17.5652 23926.3 -03361.4 -07.9972 24161.3
 18 03 2015  22 56  -17.5637 23927.2 -03361.4 -07.9967 24162.2
 18 03 2015  22 57  -17.5620 23928.4 -03361.2 -07.9960 24163.3
 18 03 2015  22 58  -17.5604 23929.5 -03361.1 -07.9954 24164.3
 18 03 2015  22 59  -17.5586 23930.5 -03361.0 -07.9948 24165.4
 18 03 2015  23 00  -17.5573 23931.3 -03360.9 -07.9943 24166.1
 18 03 2015  23 01  -17.5561 23932.4 -03360.9 -07.9939 24167.2
 18 03 2015  23 02  -17.5551 23933.2 -03360.9 -07.9937 24168.1
 18 03 2015  23 03  -17.5543 23933.8 -03361.1 -07.9938 24168.7
 18 03 2015  23 04  -17.5536 23934.5 -03361.2 -07.9940 24169.3
 18 03 2015  23 05  -17.5531 23935.2 -03361.2 -07.9936 24170.1
 18 03 2015  23 06  -17.5528 23936.1 -03361.2 -07.9934 24171.0
 18 03 2015  23 07  -17.5521 23937.5 -03361.0 -07.9924 24172.4
 18 03 2015  23 08  -17.5516 23938.6 -03361.1 -07.9922 24173.4
 18 03 2015  23 09  -17.5513 23939.3 -03361.2 -07.9923 24174.1
 18 03 2015  23 10  -17.5503 23940.0 -03361.2 -07.9922 24174.8
 18 03 2015  23 11  -17.5492 23940.6 -03361.1 -07.9917 24175.4
 18 03 2015  23 12  -17.5481 23941.1 -03361.1 -07.9914 24175.9
 18 03 2015  23 13  -17.5470 23941.4 -03361.2 -07.9916 24176.2
 18 03 2015  23 14  -17.5458 23941.8 -03361.1 -07.9914 24176.6
 18 03 2015  23 15  -17.5450 23941.9 -03361.3 -07.9918 24176.7
 18 03 2015  23 16  -17.5443 23942.0 -03361.3 -07.9916 24176.8
 18 03 2015  23 17  -17.5431 23942.3 -03361.5 -07.9920 24177.1
 18 03 2015  23 18  -17.5417 23942.6 -03361.2 -07.9912 24177.3
 18 03 2015  23 19  -17.5406 23942.7 -03361.2 -07.9913 24177.4
 18 03 2015  23 20  -17.5400 23942.3 -03361.4 -07.9919 24177.1
 18 03 2015  23 21  -17.5397 23941.7 -03361.5 -07.9922 24176.5
 18 03 2015  23 22  -17.5395 23941.2 -03361.4 -07.9922 24176.0
 18 03 2015  23 23  -17.5392 23941.1 -03361.7 -07.9929 24176.0
 18 03 2015  23 24  -17.5390 23941.1 -03361.8 -07.9932 24176.0
 18 03 2015  23 25  -17.5389 23940.7 -03362.0 -07.9938 24175.6
 18 03 2015  23 26  -17.5386 23940.1 -03362.0 -07.9939 24175.0
 18 03 2015  23 27  -17.5383 23939.5 -03362.1 -07.9944 24174.5
 18 03 2015  23 28  -17.5381 23939.1 -03362.2 -07.9947 24174.1
 18 03 2015  23 29  -17.5384 23938.6 -03362.2 -07.9948 24173.6
 18 03 2015  23 30  -17.5388 23938.2 -03362.3 -07.9953 24173.1
 18 03 2015  23 31  -17.5390 23937.4 -03362.4 -07.9958 24172.4
 18 03 2015  23 32  -17.5394 23936.8 -03362.7 -07.9968 24171.9
 18 03 2015  23 33  -17.5396 23936.3 -03362.4 -07.9961 24171.3
 18 03 2015  23 34  -17.5402 23935.3 -03362.6 -07.9971 24170.3
 18 03 2015  23 35  -17.5407 23934.2 -03362.6 -07.9974 24169.3
 18 03 2015  23 36  -17.5414 23933.2 -03363.0 -07.9986 24168.3
 18 03 2015  23 37  -17.5417 23932.1 -03363.0 -07.9990 24167.3
 18 03 2015  23 38  -17.5417 23930.9 -03362.9 -07.9990 24166.0
 18 03 2015  23 39  -17.5419 23929.4 -03363.4 -08.0008 24164.6
 18 03 2015  23 40  -17.5421 23928.1 -03363.3 -08.0010 24163.3
 18 03 2015  23 41  -17.5421 23927.3 -03363.3 -08.0012 24162.5
 18 03 2015  23 42  -17.5419 23926.5 -03363.3 -08.0016 24161.7
 18 03 2015  23 43  -17.5420 23925.6 -03363.2 -08.0016 24160.8
 18 03 2015  23 44  -17.5422 23924.6 -03363.3 -08.0020 24159.9
 18 03 2015  23 45  -17.5426 23923.7 -03363.4 -08.0027 24159.0
 18 03 2015  23 46  -17.5431 23922.6 -03363.4 -08.0031 24157.9
 18 03 2015  23 47  -17.5438 23921.4 -03363.7 -08.0041 24156.8
 18 03 2015  23 48  -17.5444 23920.5 -03363.7 -08.0044 24155.8
 18 03 2015  23 49  -17.5450 23919.6 -03363.7 -08.0046 24155.0
 18 03 2015  23 50  -17.5453 23918.9 -03363.7 -08.0050 24154.3
 18 03 2015  23 51  -17.5458 23918.1 -03363.8 -08.0054 24153.5
 18 03 2015  23 52  -17.5463 23917.5 -03363.7 -08.0054 24152.9
 18 03 2015  23 53  -17.5467 23916.9 -03363.7 -08.0055 24152.3
 18 03 2015  23 54  -17.5470 23916.5 -03363.6 -08.0055 24151.9
