ALTA FLORESTA MAGLISN-04 <078> 1 Min. Reported data

 DD MM YYYY  HH MM   D(Deg)  H(nT)   Z(nT)   I(Deg)   F(nT)

 19 03 2015  00 00  -17.5484 23914.3 -03363.3 -08.0056 24149.6
 19 03 2015  00 01  -17.5486 23914.2 -03363.3 -08.0057 24149.5
 19 03 2015  00 02  -17.5489 23914.2 -03363.4 -08.0057 24149.6
 19 03 2015  00 03  -17.5492 23914.1 -03363.2 -08.0055 24149.5
 19 03 2015  00 04  -17.5494 23913.8 -03363.3 -08.0056 24149.2
 19 03 2015  00 05  -17.5500 23913.3 -03363.4 -08.0062 24148.6
 19 03 2015  00 06  -17.5504 23913.0 -03363.4 -08.0062 24148.4
 19 03 2015  00 07  -17.5504 23913.3 -03363.1 -08.0055 24148.6
 19 03 2015  00 08  -17.5501 23913.9 -03362.7 -08.0043 24149.2
 19 03 2015  00 09  -17.5505 23914.4 -03362.9 -08.0046 24149.7
 19 03 2015  00 10  -17.5508 23914.7 -03362.9 -08.0044 24150.0
 19 03 2015  00 11  -17.5506 23915.1 -03362.8 -08.0041 24150.4
 19 03 2015  00 12  -17.5508 23915.2 -03362.9 -08.0043 24150.5
 19 03 2015  00 13  -17.5514 23914.8 -03363.0 -08.0047 24150.1
 19 03 2015  00 14  -17.5517 23914.6 -03363.0 -08.0048 24149.9
 19 03 2015  00 15  -17.5519 23914.6 -03362.9 -08.0044 24149.9
 19 03 2015  00 16  -17.5527 23914.5 -03363.0 -08.0047 24149.9
 19 03 2015  00 17  -17.5535 23914.2 -03363.1 -08.0050 24149.6
 19 03 2015  00 18  -17.5542 23913.7 -03363.2 -08.0056 24149.0
 19 03 2015  00 19  -17.5542 23913.3 -03363.1 -08.0055 24148.7
 19 03 2015  00 20  -17.5536 23913.0 -03362.9 -08.0050 24148.4
 19 03 2015  00 21  -17.5529 23912.5 -03363.1 -08.0057 24147.8
 19 03 2015  00 22  -17.5519 23911.6 -03363.1 -08.0060 24147.0
 19 03 2015  00 23  -17.5513 23910.8 -03363.0 -08.0060 24146.1
 19 03 2015  00 24  -17.5509 23910.2 -03363.2 -08.0066 24145.6
 19 03 2015  00 25  -17.5503 23909.5 -03363.2 -08.0069 24144.8
 19 03 2015  00 26  -17.5498 23908.9 -03363.2 -08.0071 24144.3
 19 03 2015  00 27  -17.5500 23908.4 -03363.2 -08.0072 24143.7
 19 03 2015  00 28  -17.5506 23908.0 -03363.0 -08.0070 24143.3
 19 03 2015  00 29  -17.5510 23907.5 -03363.5 -08.0082 24142.9
 19 03 2015  00 30  -17.5510 23907.3 -03363.2 -08.0075 24142.7
 19 03 2015  00 31  -17.5516 23906.8 -03363.1 -08.0076 24142.2
 19 03 2015  00 32  -17.5518 23906.7 -03363.2 -08.0078 24142.1
 19 03 2015  00 33  -17.5521 23906.8 -03363.1 -08.0077 24142.2
 19 03 2015  00 34  -17.5529 23907.0 -03363.1 -08.0075 24142.4
 19 03 2015  00 35  -17.5537 23907.0 -03363.3 -08.0079 24142.4
 19 03 2015  00 36  -17.5539 23907.2 -03363.2 -08.0076 24142.6
 19 03 2015  00 37  -17.5539 23907.6 -03363.0 -08.0070 24143.0
 19 03 2015  00 38  -17.5540 23908.2 -03362.8 -08.0064 24143.6
 19 03 2015  00 39  -17.5541 23908.5 -03362.9 -08.0065 24143.9
 19 03 2015  00 40  -17.5542 23908.6 -03362.9 -08.0065 24144.0
 19 03 2015  00 41  -17.5540 23909.0 -03362.7 -08.0059 24144.3
 19 03 2015  00 42  -17.5539 23909.4 -03362.7 -08.0058 24144.7
 19 03 2015  00 43  -17.5537 23910.1 -03362.6 -08.0052 24145.4
 19 03 2015  00 44  -17.5540 23911.1 -03362.4 -08.0046 24146.3
 19 03 2015  00 45  -17.5540 23911.7 -03362.4 -08.0043 24147.0
 19 03 2015  00 46  -17.5535 23912.4 -03362.4 -08.0040 24147.6
 19 03 2015  00 47  -17.5533 23913.0 -03362.3 -08.0037 24148.2
 19 03 2015  00 48  -17.5531 23913.5 -03362.3 -08.0034 24148.7
 19 03 2015  00 49  -17.5525 23913.7 -03362.2 -08.0033 24148.9
 19 03 2015  00 50  -17.5519 23913.9 -03362.3 -08.0033 24149.1
 19 03 2015  00 51  -17.5516 23914.0 -03362.3 -08.0033 24149.2
 19 03 2015  00 52  -17.5513 23914.0 -03362.4 -08.0036 24149.2
 19 03 2015  00 53  -17.5508 23913.9 -03362.3 -08.0034 24149.1
 19 03 2015  00 54  -17.5504 23913.7 -03362.3 -08.0034 24149.0
 19 03 2015  00 55  -17.5499 23913.6 -03362.3 -08.0035 24148.9
 19 03 2015  00 56  -17.5495 23913.6 -03362.4 -08.0036 24148.8
 19 03 2015  00 57  -17.5493 23913.8 -03362.2 -08.0031 24149.0
 19 03 2015  00 58  -17.5493 23914.3 -03362.1 -08.0028 24149.5
 19 03 2015  00 59  -17.5491 23914.8 -03362.0 -08.0023 24150.0
 19 03 2015  01 00  -17.5488 23915.2 -03362.2 -08.0026 24150.4
 19 03 2015  01 01  -17.5488 23915.7 -03362.0 -08.0020 24150.8
 19 03 2015  01 02  -17.5486 23916.0 -03362.0 -08.0019 24151.2
 19 03 2015  01 03  -17.5486 23916.0 -03362.1 -08.0022 24151.2
 19 03 2015  01 04  -17.5488 23915.6 -03362.3 -08.0026 24150.8
 19 03 2015  01 05  -17.5488 23915.4 -03362.3 -08.0028 24150.5
 19 03 2015  01 06  -17.5486 23915.1 -03362.3 -08.0028 24150.3
 19 03 2015  01 07  -17.5483 23914.9 -03362.2 -08.0028 24150.1
 19 03 2015  01 08  -17.5480 23915.0 -03362.1 -08.0026 24150.1
 19 03 2015  01 09  -17.5478 23915.2 -03361.9 -08.0020 24150.4
 19 03 2015  01 10  -17.5476 23915.6 -03362.1 -08.0022 24150.7
 19 03 2015  01 11  -17.5475 23915.9 -03361.7 -08.0013 24151.1
 19 03 2015  01 12  -17.5476 23916.2 -03361.9 -08.0016 24151.3
 19 03 2015  01 13  -17.5474 23916.1 -03361.9 -08.0017 24151.3
 19 03 2015  01 14  -17.5471 23916.0 -03362.0 -08.0018 24151.1
 19 03 2015  01 15  -17.5469 23915.9 -03361.9 -08.0018 24151.0
 19 03 2015  01 16  -17.5466 23915.9 -03362.1 -08.0021 24151.1
 19 03 2015  01 17  -17.5462 23916.0 -03361.6 -08.0010 24151.0
 19 03 2015  01 18  -17.5457 23916.1 -03361.7 -08.0011 24151.2
 19 03 2015  01 19  -17.5453 23916.2 -03361.5 -08.0008 24151.3
 19 03 2015  01 20  -17.5452 23916.3 -03361.8 -08.0014 24151.4
 19 03 2015  01 21  -17.5452 23916.3 -03361.7 -08.0011 24151.4
 19 03 2015  01 22  -17.5450 23916.5 -03361.8 -08.0013 24151.6
 19 03 2015  01 23  -17.5450 23916.5 -03361.8 -08.0012 24151.6
 19 03 2015  01 24  -17.5452 23916.7 -03361.7 -08.0011 24151.8
 19 03 2015  01 25  -17.5452 23916.9 -03361.6 -08.0008 24151.9
 19 03 2015  01 26  -17.5450 23917.0 -03361.4 -08.0002 24152.1
 19 03 2015  01 27  -17.5451 23917.1 -03361.7 -08.0008 24152.2
 19 03 2015  01 28  -17.5452 23917.3 -03361.6 -08.0006 24152.4
 19 03 2015  01 29  -17.5449 23917.5 -03361.4 -08.0001 24152.6
 19 03 2015  01 30  -17.5446 23917.8 -03361.4 -07.9998 24152.9
 19 03 2015  01 31  -17.5440 23918.4 -03361.2 -07.9993 24153.4
 19 03 2015  01 32  -17.5433 23918.9 -03360.9 -07.9984 24153.8
 19 03 2015  01 33  -17.5429 23918.8 -03361.1 -07.9988 24153.8
 19 03 2015  01 34  -17.5428 23918.5 -03361.3 -07.9995 24153.5
 19 03 2015  01 35  -17.5425 23918.3 -03361.4 -07.9998 24153.3
 19 03 2015  01 36  -17.5423 23918.0 -03361.5 -08.0000 24153.1
 19 03 2015  01 37  -17.5422 23917.8 -03361.5 -08.0001 24152.9
 19 03 2015  01 38  -17.5418 23917.9 -03361.3 -07.9997 24153.0
 19 03 2015  01 39  -17.5415 23917.9 -03361.3 -07.9997 24153.0
 19 03 2015  01 40  -17.5414 23917.6 -03361.3 -07.9998 24152.6
 19 03 2015  01 41  -17.5412 23917.1 -03361.2 -07.9998 24152.1
 19 03 2015  01 42  -17.5406 23916.1 -03361.4 -08.0004 24151.2
 19 03 2015  01 43  -17.5406 23915.3 -03361.4 -08.0007 24150.4
 19 03 2015  01 44  -17.5412 23915.0 -03361.3 -08.0006 24150.1
 19 03 2015  01 45  -17.5418 23914.7 -03361.4 -08.0010 24149.8
 19 03 2015  01 46  -17.5420 23914.4 -03361.3 -08.0009 24149.5
 19 03 2015  01 47  -17.5422 23914.3 -03361.2 -08.0005 24149.4
 19 03 2015  01 48  -17.5433 23914.1 -03361.5 -08.0013 24149.2
 19 03 2015  01 49  -17.5442 23913.8 -03361.5 -08.0015 24148.9
 19 03 2015  01 50  -17.5445 23914.0 -03361.4 -08.0012 24149.1
 19 03 2015  01 51  -17.5443 23914.2 -03361.3 -08.0008 24149.3
 19 03 2015  01 52  -17.5435 23914.6 -03361.1 -08.0003 24149.7
 19 03 2015  01 53  -17.5423 23915.0 -03361.0 -07.9999 24150.0
 19 03 2015  01 54  -17.5415 23915.0 -03361.1 -08.0000 24150.1
 19 03 2015  01 55  -17.5411 23915.2 -03360.9 -07.9997 24150.2
 19 03 2015  01 56  -17.5409 23915.5 -03360.9 -07.9996 24150.5
 19 03 2015  01 57  -17.5408 23915.9 -03360.9 -07.9993 24150.9
 19 03 2015  01 58  -17.5403 23916.6 -03360.7 -07.9986 24151.6
 19 03 2015  01 59  -17.5403 23917.0 -03360.7 -07.9986 24152.0
 19 03 2015  02 00  -17.5405 23917.3 -03360.7 -07.9985 24152.3
 19 03 2015  02 01  -17.5404 23917.7 -03360.7 -07.9983 24152.6
 19 03 2015  02 02  -17.5398 23918.3 -03360.5 -07.9975 24153.2
 19 03 2015  02 03  -17.5377 23920.8 -03359.8 -07.9951 24155.6
 19 03 2015  02 04  -17.5357 23923.7 -03359.2 -07.9929 24158.4
 19 03 2015  02 05  -17.5339 23926.1 -03359.1 -07.9918 24160.7
 19 03 2015  02 06  -17.5321 23928.4 -03358.8 -07.9904 24163.0
 19 03 2015  02 07  -17.5310 23930.5 -03359.3 -07.9909 24165.1
 19 03 2015  02 08  -17.5297 23932.7 -03359.1 -07.9895 24167.2
 19 03 2015  02 09  -17.5290 23934.3 -03358.9 -07.9886 24168.8
 19 03 2015  02 10  -17.5282 23935.5 -03359.6 -07.9900 24170.1
 19 03 2015  02 11  -17.5278 23936.2 -03359.8 -07.9900 24170.8
 19 03 2015  02 12  -17.5274 23936.3 -03359.9 -07.9904 24171.0
 19 03 2015  02 13  -17.5259 23937.5 -03359.4 -07.9887 24172.1
 19 03 2015  02 14  -17.5253 23937.8 -03359.5 -07.9889 24172.4
 19 03 2015  02 15  -17.5250 23937.7 -03359.8 -07.9896 24172.3
 19 03 2015  02 16  -17.5247 23937.2 -03360.0 -07.9903 24171.9
 19 03 2015  02 17  -17.5245 23936.8 -03360.1 -07.9907 24171.4
 19 03 2015  02 18  -17.5243 23936.0 -03360.2 -07.9912 24170.8
 19 03 2015  02 19  -17.5242 23935.4 -03360.3 -07.9914 24170.1
 19 03 2015  02 20  -17.5244 23934.6 -03360.4 -07.9919 24169.4
 19 03 2015  02 21  -17.5246 23933.8 -03360.4 -07.9922 24168.6
 19 03 2015  02 22  -17.5247 23933.2 -03360.4 -07.9925 24167.9
 19 03 2015  02 23  -17.5246 23932.4 -03360.5 -07.9929 24167.2
 19 03 2015  02 24  -17.5241 23931.8 -03360.3 -07.9928 24166.5
 19 03 2015  02 25  -17.5239 23931.1 -03360.5 -07.9935 24165.9
 19 03 2015  02 26  -17.5237 23930.2 -03360.7 -07.9941 24165.1
 19 03 2015  02 27  -17.5233 23929.8 -03360.6 -07.9941 24164.7
 19 03 2015  02 28  -17.5225 23930.6 -03359.9 -07.9922 24165.3
 19 03 2015  02 29  -17.5207 23931.6 -03359.8 -07.9916 24166.3
 19 03 2015  02 30  -17.5191 23932.5 -03359.6 -07.9908 24167.2
 19 03 2015  02 31  -17.5172 23933.6 -03359.5 -07.9903 24168.2
 19 03 2015  02 32  -17.5154 23935.1 -03359.5 -07.9898 24169.7
 19 03 2015  02 33  -17.5141 23935.8 -03359.8 -07.9903 24170.5
 19 03 2015  02 34  -17.5135 23936.4 -03359.7 -07.9899 24171.1
 19 03 2015  02 35  -17.5136 23936.9 -03360.1 -07.9905 24171.6
 19 03 2015  02 36  -17.5140 23937.5 -03360.1 -07.9904 24172.2
 19 03 2015  02 37  -17.5139 23938.0 -03360.2 -07.9905 24172.7
 19 03 2015  02 38  -17.5135 23938.2 -03360.2 -07.9903 24172.9
 19 03 2015  02 39  -17.5132 23938.5 -03360.7 -07.9915 24173.3
 19 03 2015  02 40  -17.5136 23938.4 -03360.6 -07.9912 24173.1
 19 03 2015  02 41  -17.5143 23938.3 -03361.0 -07.9922 24173.1
 19 03 2015  02 42  -17.5150 23938.1 -03360.7 -07.9917 24172.9
 19 03 2015  02 43  -17.5159 23937.9 -03361.3 -07.9931 24172.8
 19 03 2015  02 44  -17.5165 23937.5 -03362.0 -07.9948 24172.4
 19 03 2015  02 45  -17.5170 23936.8 -03361.4 -07.9936 24171.7
 19 03 2015  02 46  -17.5173 23936.2 -03361.7 -07.9945 24171.1
 19 03 2015  02 47  -17.5173 23935.6 -03361.5 -07.9942 24170.5
 19 03 2015  02 48  -17.5169 23935.4 -03360.9 -07.9930 24170.2
 19 03 2015  02 49  -17.5167 23934.9 -03361.6 -07.9946 24169.8
 19 03 2015  02 50  -17.5165 23934.4 -03361.3 -07.9941 24169.2
 19 03 2015  02 51  -17.5160 23933.9 -03362.2 -07.9964 24168.9
 19 03 2015  02 52  -17.5150 23934.5 -03361.5 -07.9946 24169.4
 19 03 2015  02 53  -17.5141 23935.7 -03361.4 -07.9941 24170.5
 19 03 2015  02 54  -17.5135 23936.7 -03361.3 -07.9935 24171.5
 19 03 2015  02 55  -17.5125 23938.0 -03361.1 -07.9926 24172.8
 19 03 2015  02 56  -17.5110 23939.7 -03361.6 -07.9932 24174.5
 19 03 2015  02 57  -17.5102 23940.6 -03360.7 -07.9908 24175.4
 19 03 2015  02 58  -17.5110 23941.3 -03361.3 -07.9920 24176.1
 19 03 2015  02 59  -17.5113 23942.4 -03362.1 -07.9935 24177.3
 19 03 2015  03 00  -17.5115 23943.2 -03361.3 -07.9913 24178.0
 19 03 2015  03 01  -17.5113 23944.1 -03361.9 -07.9924 24178.9
 19 03 2015  03 02  -17.5114 23945.1 -03361.6 -07.9915 24179.9
 19 03 2015  03 03  -17.5111 23946.4 -03361.1 -07.9898 24181.1
 19 03 2015  03 04  -17.5110 23947.7 -03361.6 -07.9906 24182.5
 19 03 2015  03 05  -17.5116 23948.1 -03361.7 -07.9906 24182.9
 19 03 2015  03 06  -17.5127 23948.4 -03362.1 -07.9914 24183.2
 19 03 2015  03 07  -17.5139 23948.9 -03362.3 -07.9918 24183.7
 19 03 2015  03 08  -17.5143 23949.0 -03362.5 -07.9922 24183.9
 19 03 2015  03 09  -17.5144 23948.8 -03362.8 -07.9929 24183.8
 19 03 2015  03 10  -17.5146 23948.7 -03362.7 -07.9927 24183.6
 19 03 2015  03 11  -17.5148 23948.5 -03361.9 -07.9909 24183.3
 19 03 2015  03 12  -17.5160 23948.0 -03362.5 -07.9927 24182.9
 19 03 2015  03 13  -17.5166 23947.8 -03363.5 -07.9950 24182.8
 19 03 2015  03 14  -17.5171 23947.7 -03363.0 -07.9939 24182.7
 19 03 2015  03 15  -17.5176 23947.2 -03363.4 -07.9949 24182.2
 19 03 2015  03 16  -17.5177 23946.7 -03362.8 -07.9937 24181.7
 19 03 2015  03 17  -17.5179 23946.0 -03362.4 -07.9929 24180.9
 19 03 2015  03 18  -17.5182 23945.0 -03363.7 -07.9963 24180.1
 19 03 2015  03 19  -17.5179 23944.5 -03362.7 -07.9941 24179.5
 19 03 2015  03 20  -17.5184 23943.9 -03362.6 -07.9941 24178.8
 19 03 2015  03 21  -17.5187 23943.5 -03362.9 -07.9949 24178.5
 19 03 2015  03 22  -17.5191 23943.0 -03362.7 -07.9947 24178.0
 19 03 2015  03 23  -17.5195 23942.5 -03363.5 -07.9968 24177.6
 19 03 2015  03 24  -17.5197 23941.8 -03363.3 -07.9964 24176.9
 19 03 2015  03 25  -17.5197 23940.9 -03363.4 -07.9970 24176.0
 19 03 2015  03 26  -17.5192 23939.8 -03363.9 -07.9986 24174.9
 19 03 2015  03 27  -17.5189 23939.1 -03363.9 -07.9988 24174.3
 19 03 2015  03 28  -17.5195 23938.9 -03363.8 -07.9986 24174.0
 19 03 2015  03 29  -17.5200 23938.7 -03363.5 -07.9980 24173.9
 19 03 2015  03 30  -17.5199 23938.4 -03363.8 -07.9988 24173.6
 19 03 2015  03 31  -17.5191 23938.3 -03363.8 -07.9987 24173.5
 19 03 2015  03 32  -17.5189 23938.2 -03363.8 -07.9987 24173.4
 19 03 2015  03 33  -17.5192 23937.7 -03364.0 -07.9995 24172.9
 19 03 2015  03 34  -17.5195 23936.9 -03364.1 -08.0000 24172.2
 19 03 2015  03 35  -17.5198 23936.3 -03364.3 -08.0006 24171.6
 19 03 2015  03 36  -17.5197 23936.0 -03364.3 -08.0008 24171.3
 19 03 2015  03 37  -17.5197 23935.8 -03364.3 -08.0007 24171.0
 19 03 2015  03 38  -17.5200 23935.6 -03364.3 -08.0008 24170.9
 19 03 2015  03 39  -17.5206 23935.1 -03364.4 -08.0013 24170.5
 19 03 2015  03 40  -17.5209 23934.9 -03364.5 -08.0015 24170.2
 19 03 2015  03 41  -17.5209 23934.9 -03364.4 -08.0014 24170.2
 19 03 2015  03 42  -17.5212 23935.0 -03364.3 -08.0010 24170.3
 19 03 2015  03 43  -17.5213 23935.2 -03364.4 -08.0012 24170.5
 19 03 2015  03 44  -17.5208 23935.8 -03364.1 -08.0004 24171.0
 19 03 2015  03 45  -17.5201 23936.6 -03364.0 -07.9998 24171.8
 19 03 2015  03 46  -17.5197 23937.6 -03363.8 -07.9990 24172.8
 19 03 2015  03 47  -17.5197 23938.7 -03363.7 -07.9985 24173.9
 19 03 2015  03 48  -17.5200 23939.2 -03363.9 -07.9988 24174.4
 19 03 2015  03 49  -17.5205 23939.2 -03364.2 -07.9994 24174.5
 19 03 2015  03 50  -17.5215 23939.2 -03364.4 -07.9999 24174.5
 19 03 2015  03 51  -17.5226 23939.0 -03364.6 -08.0004 24174.3
 19 03 2015  03 52  -17.5227 23938.9 -03364.6 -08.0004 24174.2
 19 03 2015  03 53  -17.5224 23938.8 -03364.6 -08.0005 24174.1
 19 03 2015  03 54  -17.5221 23938.6 -03364.6 -08.0006 24173.9
 19 03 2015  03 55  -17.5218 23938.3 -03364.6 -08.0008 24173.6
 19 03 2015  03 56  -17.5215 23938.0 -03364.7 -08.0009 24173.4
 19 03 2015  03 57  -17.5216 23937.7 -03364.7 -08.0012 24173.0
 19 03 2015  03 58  -17.5218 23937.3 -03364.8 -08.0015 24172.6
 19 03 2015  03 59  -17.5219 23937.0 -03364.9 -08.0017 24172.3
 19 03 2015  04 00  -17.5218 23936.7 -03364.8 -08.0017 24172.0
 19 03 2015  04 01  -17.5209 23936.4 -03364.8 -08.0018 24171.7
 19 03 2015  04 02  -17.5206 23936.1 -03364.8 -08.0018 24171.4
 19 03 2015  04 03  -17.5210 23935.9 -03364.9 -08.0022 24171.3
 19 03 2015  04 04  -17.5211 23935.8 -03364.7 -08.0017 24171.1
 19 03 2015  04 05  -17.5217 23935.4 -03365.0 -08.0024 24170.8
 19 03 2015  04 06  -17.5219 23935.1 -03365.1 -08.0029 24170.5
 19 03 2015  04 07  -17.5218 23934.8 -03364.9 -08.0024 24170.2
 19 03 2015  04 08  -17.5217 23934.4 -03365.1 -08.0030 24169.8
 19 03 2015  04 09  -17.5215 23934.1 -03364.8 -08.0026 24169.4
 19 03 2015  04 10  -17.5212 23933.7 -03364.9 -08.0028 24169.1
 19 03 2015  04 11  -17.5208 23933.3 -03364.9 -08.0030 24168.7
 19 03 2015  04 12  -17.5206 23933.0 -03364.8 -08.0028 24168.3
 19 03 2015  04 13  -17.5206 23932.3 -03364.9 -08.0034 24167.7
 19 03 2015  04 14  -17.5210 23931.8 -03365.0 -08.0038 24167.2
 19 03 2015  04 15  -17.5212 23931.4 -03365.1 -08.0041 24166.8
 19 03 2015  04 16  -17.5210 23930.9 -03365.0 -08.0041 24166.3
 19 03 2015  04 17  -17.5210 23930.2 -03365.1 -08.0045 24165.7
 19 03 2015  04 18  -17.5216 23929.6 -03365.2 -08.0049 24165.1
 19 03 2015  04 19  -17.5228 23929.0 -03365.4 -08.0056 24164.5
 19 03 2015  04 20  -17.5232 23928.8 -03365.2 -08.0053 24164.3
 19 03 2015  04 21  -17.5243 23929.1 -03365.1 -08.0048 24164.5
 19 03 2015  04 22  -17.5262 23929.3 -03365.1 -08.0048 24164.8
 19 03 2015  04 23  -17.5277 23929.6 -03365.1 -08.0047 24165.0
 19 03 2015  04 24  -17.5299 23929.5 -03365.3 -08.0051 24165.0
 19 03 2015  04 25  -17.5314 23929.6 -03365.3 -08.0051 24165.0
 19 03 2015  04 26  -17.5319 23929.9 -03365.1 -08.0047 24165.3
 19 03 2015  04 27  -17.5327 23930.1 -03365.0 -08.0044 24165.6
 19 03 2015  04 28  -17.5334 23930.1 -03365.0 -08.0044 24165.6
 19 03 2015  04 29  -17.5341 23929.9 -03365.1 -08.0047 24165.4
 19 03 2015  04 30  -17.5347 23929.9 -03365.1 -08.0046 24165.4
 19 03 2015  04 31  -17.5350 23929.9 -03365.0 -08.0044 24165.3
 19 03 2015  04 32  -17.5354 23929.9 -03364.9 -08.0042 24165.3
 19 03 2015  04 33  -17.5359 23929.7 -03364.9 -08.0042 24165.2
 19 03 2015  04 34  -17.5357 23929.8 -03364.8 -08.0039 24165.2
 19 03 2015  04 35  -17.5358 23929.9 -03364.8 -08.0040 24165.3
 19 03 2015  04 36  -17.5366 23929.8 -03364.8 -08.0039 24165.2
 19 03 2015  04 37  -17.5377 23929.7 -03364.9 -08.0041 24165.1
 19 03 2015  04 38  -17.5386 23929.7 -03364.9 -08.0041 24165.1
 19 03 2015  04 39  -17.5392 23929.7 -03364.8 -08.0039 24165.1
 19 03 2015  04 40  -17.5401 23929.7 -03364.8 -08.0039 24165.1
 19 03 2015  04 41  -17.5407 23929.6 -03364.8 -08.0039 24165.0
 19 03 2015  04 42  -17.5412 23929.5 -03364.7 -08.0037 24164.9
 19 03 2015  04 43  -17.5417 23929.4 -03364.6 -08.0037 24164.8
 19 03 2015  04 44  -17.5422 23929.4 -03364.6 -08.0035 24164.8
 19 03 2015  04 45  -17.5424 23929.6 -03364.4 -08.0031 24164.9
 19 03 2015  04 46  -17.5422 23929.7 -03364.3 -08.0027 24165.0
 19 03 2015  04 47  -17.5421 23929.9 -03364.1 -08.0023 24165.2
 19 03 2015  04 48  -17.5424 23929.9 -03364.1 -08.0024 24165.2
 19 03 2015  04 49  -17.5424 23930.1 -03364.0 -08.0019 24165.4
 19 03 2015  04 50  -17.5429 23930.4 -03363.8 -08.0015 24165.7
 19 03 2015  04 51  -17.5432 23930.8 -03363.8 -08.0012 24166.1
 19 03 2015  04 52  -17.5429 23931.1 -03363.7 -08.0010 24166.4
 19 03 2015  04 53  -17.5416 23931.2 -03363.6 -08.0006 24166.4
 19 03 2015  04 54  -17.5397 23931.0 -03363.5 -08.0006 24166.2
 19 03 2015  04 55  -17.5392 23930.9 -03363.5 -08.0006 24166.1
 19 03 2015  04 56  -17.5387 23930.5 -03363.2 -08.0000 24165.7
 19 03 2015  04 57  -17.5380 23930.1 -03363.3 -08.0004 24165.3
 19 03 2015  04 58  -17.5384 23929.6 -03363.1 -08.0001 24164.8
 19 03 2015  04 59  -17.5392 23929.6 -03363.3 -08.0006 24164.8
 19 03 2015  05 00  -17.5389 23929.0 -03363.2 -08.0003 24164.2
 19 03 2015  05 01  -17.5374 23929.0 -03362.9 -07.9998 24164.2
 19 03 2015  05 02  -17.5363 23929.4 -03362.6 -07.9989 24164.5
 19 03 2015  05 03  -17.5367 23929.7 -03362.6 -07.9989 24164.8
 19 03 2015  05 04  -17.5372 23929.9 -03362.7 -07.9991 24165.0
 19 03 2015  05 05  -17.5377 23930.2 -03362.6 -07.9985 24165.3
 19 03 2015  05 06  -17.5387 23930.2 -03362.6 -07.9987 24165.3
 19 03 2015  05 07  -17.5393 23930.0 -03362.7 -07.9989 24165.1
 19 03 2015  05 08  -17.5387 23930.0 -03362.3 -07.9980 24165.0
 19 03 2015  05 09  -17.5372 23930.0 -03362.3 -07.9979 24165.0
 19 03 2015  05 10  -17.5368 23930.0 -03361.9 -07.9971 24165.0
 19 03 2015  05 11  -17.5370 23930.4 -03361.8 -07.9966 24165.4
 19 03 2015  05 12  -17.5364 23930.8 -03361.9 -07.9967 24165.8
 19 03 2015  05 13  -17.5361 23931.0 -03362.0 -07.9969 24166.0
 19 03 2015  05 14  -17.5359 23931.2 -03361.6 -07.9961 24166.1
 19 03 2015  05 15  -17.5366 23931.4 -03361.5 -07.9957 24166.3
 19 03 2015  05 16  -17.5372 23931.6 -03361.7 -07.9961 24166.5
 19 03 2015  05 17  -17.5377 23931.8 -03361.7 -07.9960 24166.8
 19 03 2015  05 18  -17.5383 23932.2 -03361.4 -07.9953 24167.1
 19 03 2015  05 19  -17.5389 23932.6 -03361.3 -07.9949 24167.5
 19 03 2015  05 20  -17.5396 23933.0 -03361.2 -07.9945 24167.9
 19 03 2015  05 21  -17.5408 23933.3 -03361.3 -07.9947 24168.2
 19 03 2015  05 22  -17.5416 23933.6 -03361.2 -07.9943 24168.5
 19 03 2015  05 23  -17.5428 23934.1 -03361.2 -07.9941 24169.0
 19 03 2015  05 24  -17.5442 23934.5 -03361.3 -07.9941 24169.4
 19 03 2015  05 25  -17.5442 23935.3 -03361.1 -07.9934 24170.1
 19 03 2015  05 26  -17.5431 23935.7 -03361.0 -07.9930 24170.5
 19 03 2015  05 27  -17.5424 23935.9 -03361.0 -07.9931 24170.7
 19 03 2015  05 28  -17.5423 23936.1 -03361.1 -07.9932 24171.0
 19 03 2015  05 29  -17.5424 23936.3 -03361.1 -07.9932 24171.2
 19 03 2015  05 30  -17.5419 23936.4 -03361.1 -07.9930 24171.3
 19 03 2015  05 31  -17.5407 23936.5 -03361.0 -07.9928 24171.3
 19 03 2015  05 32  -17.5400 23936.6 -03361.1 -07.9929 24171.4
 19 03 2015  05 33  -17.5401 23936.8 -03361.0 -07.9927 24171.6
 19 03 2015  05 34  -17.5403 23936.6 -03361.2 -07.9932 24171.4
 19 03 2015  05 35  -17.5397 23936.4 -03361.2 -07.9932 24171.3
 19 03 2015  05 36  -17.5391 23936.2 -03361.1 -07.9932 24171.1
 19 03 2015  05 37  -17.5391 23936.4 -03361.1 -07.9931 24171.2
 19 03 2015  05 38  -17.5396 23936.4 -03361.1 -07.9932 24171.2
 19 03 2015  05 39  -17.5402 23936.5 -03361.2 -07.9932 24171.3
 19 03 2015  05 40  -17.5401 23936.5 -03361.1 -07.9931 24171.4
 19 03 2015  05 41  -17.5403 23936.3 -03361.2 -07.9933 24171.1
 19 03 2015  05 42  -17.5405 23936.4 -03361.1 -07.9931 24171.2
 19 03 2015  05 43  -17.5407 23936.8 -03360.9 -07.9926 24171.6
 19 03 2015  05 44  -17.5410 23936.9 -03360.9 -07.9925 24171.7
 19 03 2015  05 45  -17.5406 23937.0 -03360.9 -07.9925 24171.8
 19 03 2015  05 46  -17.5398 23937.2 -03361.3 -07.9932 24172.0
 19 03 2015  05 47  -17.5398 23937.5 -03361.2 -07.9930 24172.3
 19 03 2015  05 48  -17.5403 23937.6 -03360.7 -07.9919 24172.3
 19 03 2015  05 49  -17.5398 23937.5 -03360.8 -07.9920 24172.3
 19 03 2015  05 50  -17.5384 23937.4 -03360.9 -07.9923 24172.2
 19 03 2015  05 51  -17.5375 23937.4 -03360.8 -07.9922 24172.2
 19 03 2015  05 52  -17.5373 23937.6 -03360.9 -07.9923 24172.4
 19 03 2015  05 53  -17.5366 23937.7 -03360.5 -07.9911 24172.4
 19 03 2015  05 54  -17.5359 23937.5 -03360.5 -07.9913 24172.3
 19 03 2015  05 55  -17.5359 23937.2 -03360.8 -07.9921 24172.0
 19 03 2015  05 56  -17.5361 23937.0 -03360.7 -07.9920 24171.8
 19 03 2015  05 57  -17.5355 23936.6 -03361.1 -07.9929 24171.4
 19 03 2015  05 58  -17.5348 23936.1 -03361.1 -07.9931 24171.0
 19 03 2015  05 59  -17.5343 23936.1 -03361.0 -07.9928 24170.9
 19 03 2015  06 00  -17.5344 23935.8 -03361.3 -07.9938 24170.7
 19 03 2015  06 01  -17.5334 23935.6 -03361.1 -07.9934 24170.4
 19 03 2015  06 02  -17.5326 23935.5 -03361.1 -07.9934 24170.3
 19 03 2015  06 03  -17.5333 23935.8 -03361.2 -07.9935 24170.6
 19 03 2015  06 04  -17.5349 23936.2 -03361.4 -07.9938 24171.0
 19 03 2015  06 05  -17.5345 23936.9 -03361.0 -07.9927 24171.7
 19 03 2015  06 06  -17.5337 23937.0 -03360.9 -07.9924 24171.8
 19 03 2015  06 07  -17.5331 23936.7 -03361.1 -07.9929 24171.6
 19 03 2015  06 08  -17.5327 23936.5 -03361.5 -07.9939 24171.4
 19 03 2015  06 09  -17.5326 23936.7 -03361.4 -07.9937 24171.6
 19 03 2015  06 10  -17.5327 23937.3 -03361.2 -07.9931 24172.2
 19 03 2015  06 11  -17.5324 23938.1 -03361.2 -07.9927 24172.9
 19 03 2015  06 12  -17.5315 23938.3 -03361.3 -07.9928 24173.1
 19 03 2015  06 13  -17.5305 23938.5 -03361.4 -07.9930 24173.3
 19 03 2015  06 14  -17.5300 23938.8 -03361.3 -07.9928 24173.6
 19 03 2015  06 15  -17.5307 23939.2 -03361.5 -07.9930 24174.0
 19 03 2015  06 16  -17.5311 23939.6 -03361.6 -07.9932 24174.5
 19 03 2015  06 17  -17.5308 23939.9 -03361.7 -07.9933 24174.8
 19 03 2015  06 18  -17.5309 23939.7 -03361.8 -07.9936 24174.6
 19 03 2015  06 19  -17.5309 23939.8 -03361.8 -07.9936 24174.7
 19 03 2015  06 20  -17.5304 23940.0 -03361.7 -07.9933 24174.9
 19 03 2015  06 21  -17.5288 23940.4 -03361.6 -07.9929 24175.2
 19 03 2015  06 22  -17.5270 23940.4 -03361.6 -07.9930 24175.2
 19 03 2015  06 23  -17.5251 23939.7 -03361.7 -07.9935 24174.6
 19 03 2015  06 24  -17.5239 23938.7 -03362.0 -07.9945 24173.6
 19 03 2015  06 25  -17.5228 23938.4 -03362.0 -07.9944 24173.3
 19 03 2015  06 26  -17.5223 23938.5 -03361.8 -07.9941 24173.4
 19 03 2015  06 27  -17.5215 23938.6 -03361.8 -07.9941 24173.5
 19 03 2015  06 28  -17.5193 23938.8 -03361.8 -07.9939 24173.7
 19 03 2015  06 29  -17.5178 23938.8 -03361.6 -07.9934 24173.7
 19 03 2015  06 30  -17.5195 23939.0 -03361.8 -07.9939 24173.9
 19 03 2015  06 31  -17.5216 23939.1 -03362.0 -07.9944 24174.1
 19 03 2015  06 32  -17.5230 23939.0 -03362.1 -07.9947 24173.9
 19 03 2015  06 33  -17.5223 23938.8 -03362.2 -07.9949 24173.7
 19 03 2015  06 34  -17.5222 23938.5 -03362.1 -07.9948 24173.5
 19 03 2015  06 35  -17.5229 23938.4 -03362.2 -07.9951 24173.4
 19 03 2015  06 36  -17.5232 23938.2 -03362.2 -07.9952 24173.1
 19 03 2015  06 37  -17.5236 23938.0 -03362.3 -07.9953 24173.0
 19 03 2015  06 38  -17.5244 23938.1 -03362.3 -07.9953 24173.1
 19 03 2015  06 39  -17.5255 23938.7 -03362.1 -07.9947 24173.6
 19 03 2015  06 40  -17.5264 23938.5 -03362.3 -07.9951 24173.5
 19 03 2015  06 41  -17.5270 23938.5 -03362.4 -07.9954 24173.4
 19 03 2015  06 42  -17.5277 23938.5 -03362.1 -07.9947 24173.5
 19 03 2015  06 43  -17.5277 23939.0 -03362.4 -07.9952 24174.0
 19 03 2015  06 44  -17.5284 23939.0 -03362.1 -07.9946 24173.9
 19 03 2015  06 45  -17.5285 23938.8 -03362.3 -07.9952 24173.7
 19 03 2015  06 46  -17.5279 23938.8 -03362.3 -07.9951 24173.8
 19 03 2015  06 47  -17.5276 23938.8 -03362.2 -07.9949 24173.8
 19 03 2015  06 48  -17.5273 23938.9 -03362.0 -07.9945 24173.8
 19 03 2015  06 49  -17.5267 23938.8 -03362.0 -07.9944 24173.7
 19 03 2015  06 50  -17.5259 23938.8 -03362.0 -07.9944 24173.8
 19 03 2015  06 51  -17.5250 23938.7 -03362.2 -07.9949 24173.7
 19 03 2015  06 52  -17.5243 23938.7 -03362.1 -07.9946 24173.7
 19 03 2015  06 53  -17.5244 23938.8 -03362.2 -07.9948 24173.8
 19 03 2015  06 54  -17.5241 23938.9 -03362.1 -07.9945 24173.9
 19 03 2015  06 55  -17.5233 23938.8 -03362.2 -07.9948 24173.8
 19 03 2015  06 56  -17.5218 23938.7 -03362.2 -07.9949 24173.7
 19 03 2015  06 57  -17.5205 23938.6 -03362.3 -07.9952 24173.6
 19 03 2015  06 58  -17.5189 23938.6 -03362.1 -07.9948 24173.5
 19 03 2015  06 59  -17.5172 23938.5 -03362.1 -07.9947 24173.5
 19 03 2015  07 00  -17.5157 23938.3 -03362.2 -07.9949 24173.2
 19 03 2015  07 01  -17.5148 23938.0 -03362.2 -07.9952 24173.0
 19 03 2015  07 02  -17.5137 23938.0 -03362.2 -07.9951 24172.9
 19 03 2015  07 03  -17.5126 23938.0 -03362.3 -07.9954 24173.0
 19 03 2015  07 04  -17.5119 23938.6 -03362.0 -07.9945 24173.5
 19 03 2015  07 05  -17.5118 23938.5 -03362.2 -07.9949 24173.5
 19 03 2015  07 06  -17.5118 23938.7 -03362.3 -07.9951 24173.6
 19 03 2015  07 07  -17.5122 23938.8 -03362.3 -07.9950 24173.8
 19 03 2015  07 08  -17.5123 23939.0 -03362.4 -07.9952 24174.0
 19 03 2015  07 09  -17.5116 23938.9 -03362.3 -07.9952 24173.9
 19 03 2015  07 10  -17.5101 23938.3 -03362.5 -07.9958 24173.3
 19 03 2015  07 11  -17.5091 23938.5 -03362.4 -07.9954 24173.5
 19 03 2015  07 12  -17.5085 23938.7 -03362.4 -07.9954 24173.7
 19 03 2015  07 13  -17.5077 23939.1 -03362.3 -07.9949 24174.1
 19 03 2015  07 14  -17.5064 23939.8 -03362.2 -07.9944 24174.8
 19 03 2015  07 15  -17.5046 23940.4 -03362.0 -07.9938 24175.3
 19 03 2015  07 16  -17.5037 23940.3 -03362.1 -07.9942 24175.3
 19 03 2015  07 17  -17.5038 23939.9 -03362.3 -07.9948 24174.9
 19 03 2015  07 18  -17.5038 23939.4 -03362.5 -07.9954 24174.4
 19 03 2015  07 19  -17.5028 23939.1 -03362.5 -07.9955 24174.1
 19 03 2015  07 20  -17.5026 23939.0 -03362.5 -07.9955 24174.0
 19 03 2015  07 21  -17.5023 23939.2 -03362.4 -07.9951 24174.2
 19 03 2015  07 22  -17.5016 23939.3 -03362.3 -07.9949 24174.3
 19 03 2015  07 23  -17.5015 23939.5 -03362.3 -07.9948 24174.4
 19 03 2015  07 24  -17.5019 23939.6 -03362.3 -07.9949 24174.5
 19 03 2015  07 25  -17.5026 23940.0 -03362.3 -07.9947 24174.9
 19 03 2015  07 26  -17.5032 23940.6 -03362.2 -07.9942 24175.6
 19 03 2015  07 27  -17.5036 23941.6 -03362.0 -07.9935 24176.5
 19 03 2015  07 28  -17.5038 23942.6 -03361.9 -07.9929 24177.4
 19 03 2015  07 29  -17.5050 23942.8 -03362.1 -07.9934 24177.7
 19 03 2015  07 30  -17.5059 23943.2 -03362.3 -07.9936 24178.2
 19 03 2015  07 31  -17.5064 23943.6 -03362.3 -07.9935 24178.6
 19 03 2015  07 32  -17.5074 23943.6 -03362.4 -07.9937 24178.5
 19 03 2015  07 33  -17.5083 23943.7 -03362.4 -07.9938 24178.7
 19 03 2015  07 34  -17.5092 23944.2 -03362.3 -07.9934 24179.1
 19 03 2015  07 35  -17.5105 23944.4 -03362.4 -07.9934 24179.4
 19 03 2015  07 36  -17.5113 23944.6 -03362.4 -07.9934 24179.5
 19 03 2015  07 37  -17.5118 23945.0 -03362.3 -07.9931 24179.9
 19 03 2015  07 38  -17.5122 23945.5 -03362.3 -07.9929 24180.4
 19 03 2015  07 39  -17.5121 23945.7 -03362.5 -07.9932 24180.7
 19 03 2015  07 40  -17.5116 23945.7 -03362.2 -07.9926 24180.6
 19 03 2015  07 41  -17.5109 23945.9 -03362.1 -07.9923 24180.8
 19 03 2015  07 42  -17.5103 23946.2 -03362.1 -07.9923 24181.1
 19 03 2015  07 43  -17.5097 23946.5 -03362.1 -07.9921 24181.3
 19 03 2015  07 44  -17.5094 23946.4 -03362.1 -07.9922 24181.3
 19 03 2015  07 45  -17.5092 23946.3 -03362.2 -07.9925 24181.1
 19 03 2015  07 46  -17.5088 23946.3 -03362.2 -07.9925 24181.2
 19 03 2015  07 47  -17.5089 23946.3 -03362.3 -07.9926 24181.2
 19 03 2015  07 48  -17.5085 23946.4 -03362.3 -07.9926 24181.3
 19 03 2015  07 49  -17.5082 23946.2 -03362.3 -07.9927 24181.1
 19 03 2015  07 50  -17.5077 23946.2 -03362.4 -07.9928 24181.1
 19 03 2015  07 51  -17.5071 23946.5 -03362.4 -07.9928 24181.4
 19 03 2015  07 52  -17.5069 23946.9 -03362.1 -07.9920 24181.8
 19 03 2015  07 53  -17.5069 23947.5 -03362.4 -07.9925 24182.4
 19 03 2015  07 54  -17.5071 23947.9 -03362.2 -07.9919 24182.8
 19 03 2015  07 55  -17.5075 23948.5 -03362.5 -07.9923 24183.4
 19 03 2015  07 56  -17.5076 23949.2 -03362.4 -07.9919 24184.1
 19 03 2015  07 57  -17.5078 23949.8 -03362.0 -07.9909 24184.6
 19 03 2015  07 58  -17.5080 23950.0 -03362.0 -07.9907 24184.8
 19 03 2015  07 59  -17.5079 23949.8 -03362.3 -07.9915 24184.7
 19 03 2015  08 00  -17.5082 23949.5 -03362.4 -07.9917 24184.4
 19 03 2015  08 01  -17.5091 23949.3 -03362.5 -07.9921 24184.2
 19 03 2015  08 02  -17.5091 23949.5 -03362.4 -07.9917 24184.4
 19 03 2015  08 03  -17.5090 23949.8 -03362.2 -07.9913 24184.6
 19 03 2015  08 04  -17.5087 23949.9 -03362.3 -07.9914 24184.7
 19 03 2015  08 05  -17.5089 23949.8 -03362.4 -07.9917 24184.7
 19 03 2015  08 06  -17.5090 23950.1 -03362.4 -07.9916 24185.0
 19 03 2015  08 07  -17.5087 23950.6 -03362.3 -07.9912 24185.5
 19 03 2015  08 08  -17.5083 23951.2 -03362.3 -07.9910 24186.0
 19 03 2015  08 09  -17.5079 23951.5 -03362.3 -07.9908 24186.4
 19 03 2015  08 10  -17.5080 23951.8 -03362.2 -07.9907 24186.6
 19 03 2015  08 11  -17.5082 23952.0 -03362.3 -07.9908 24186.8
 19 03 2015  08 12  -17.5084 23952.1 -03362.3 -07.9908 24186.9
 19 03 2015  08 13  -17.5081 23952.1 -03362.3 -07.9908 24186.9
 19 03 2015  08 14  -17.5077 23951.9 -03362.4 -07.9910 24186.8
 19 03 2015  08 15  -17.5073 23951.8 -03362.4 -07.9911 24186.7
 19 03 2015  08 16  -17.5067 23951.8 -03362.4 -07.9909 24186.7
 19 03 2015  08 17  -17.5065 23951.7 -03362.4 -07.9911 24186.5
 19 03 2015  08 18  -17.5061 23951.4 -03362.5 -07.9913 24186.3
 19 03 2015  08 19  -17.5048 23951.3 -03362.4 -07.9912 24186.1
 19 03 2015  08 20  -17.5037 23951.2 -03362.4 -07.9911 24186.1
 19 03 2015  08 21  -17.5027 23951.1 -03362.4 -07.9912 24186.0
 19 03 2015  08 22  -17.5022 23951.0 -03362.3 -07.9911 24185.9
 19 03 2015  08 23  -17.5017 23951.0 -03362.4 -07.9914 24185.9
 19 03 2015  08 24  -17.5010 23950.9 -03362.5 -07.9915 24185.8
 19 03 2015  08 25  -17.5004 23950.9 -03362.4 -07.9913 24185.8
 19 03 2015  08 26  -17.5000 23951.0 -03362.5 -07.9915 24185.9
 19 03 2015  08 27  -17.4999 23951.0 -03362.5 -07.9914 24185.9
 19 03 2015  08 28  -17.4999 23951.1 -03362.4 -07.9914 24186.0
 19 03 2015  08 29  -17.4998 23951.1 -03362.5 -07.9916 24186.0
 19 03 2015  08 30  -17.4997 23951.2 -03362.5 -07.9916 24186.1
 19 03 2015  08 31  -17.4994 23951.2 -03362.5 -07.9915 24186.1
 19 03 2015  08 32  -17.4987 23951.1 -03362.5 -07.9916 24186.0
 19 03 2015  08 33  -17.4983 23950.5 -03362.8 -07.9924 24185.5
 19 03 2015  08 34  -17.4979 23950.0 -03362.8 -07.9925 24184.9
 19 03 2015  08 35  -17.4976 23949.6 -03362.8 -07.9926 24184.5
 19 03 2015  08 36  -17.4971 23949.6 -03362.7 -07.9925 24184.5
 19 03 2015  08 37  -17.4971 23949.3 -03363.0 -07.9933 24184.3
 19 03 2015  08 38  -17.4972 23949.0 -03363.0 -07.9934 24183.9
 19 03 2015  08 39  -17.4977 23948.7 -03363.2 -07.9939 24183.7
 19 03 2015  08 40  -17.4985 23948.4 -03363.4 -07.9945 24183.4
 19 03 2015  08 41  -17.4991 23948.1 -03363.1 -07.9940 24183.1
 19 03 2015  08 42  -17.4997 23947.9 -03363.2 -07.9943 24182.9
 19 03 2015  08 43  -17.4999 23947.4 -03363.4 -07.9948 24182.5
 19 03 2015  08 44  -17.5000 23947.1 -03363.4 -07.9949 24182.1
 19 03 2015  08 45  -17.5005 23946.8 -03363.3 -07.9949 24181.9
 19 03 2015  08 46  -17.5012 23946.5 -03363.3 -07.9949 24181.5
 19 03 2015  08 47  -17.5021 23946.2 -03363.7 -07.9958 24181.3
 19 03 2015  08 48  -17.5028 23946.2 -03363.2 -07.9947 24181.2
 19 03 2015  08 49  -17.5031 23946.0 -03363.6 -07.9957 24181.0
 19 03 2015  08 50  -17.5034 23945.8 -03363.6 -07.9958 24180.8
 19 03 2015  08 51  -17.5039 23945.6 -03363.3 -07.9951 24180.6
 19 03 2015  08 52  -17.5042 23945.3 -03363.3 -07.9952 24180.4
 19 03 2015  08 53  -17.5047 23944.9 -03363.4 -07.9956 24180.0
 19 03 2015  08 54  -17.5049 23944.5 -03363.6 -07.9964 24179.6
 19 03 2015  08 55  -17.5053 23944.1 -03364.0 -07.9973 24179.3
 19 03 2015  08 56  -17.5059 23944.0 -03364.1 -07.9975 24179.2
 19 03 2015  08 57  -17.5061 23943.8 -03363.1 -07.9952 24178.8
 19 03 2015  08 58  -17.5068 23943.7 -03364.4 -07.9985 24178.9
 19 03 2015  08 59  -17.5071 23943.6 -03363.9 -07.9972 24178.8
 19 03 2015  09 00  -17.5065 23943.6 -03363.2 -07.9955 24178.7
 19 03 2015  09 01  -17.5056 23943.3 -03363.7 -07.9970 24178.4
 19 03 2015  09 02  -17.5054 23942.5 -03363.8 -07.9975 24177.6
 19 03 2015  09 03  -17.5033 23942.8 -03363.5 -07.9965 24177.9
 19 03 2015  09 04  -17.5000 23944.3 -03363.0 -07.9950 24179.3
 19 03 2015  09 05  -17.4974 23945.4 -03362.8 -07.9942 24180.3
 19 03 2015  09 06  -17.4950 23946.1 -03362.8 -07.9938 24181.1
 19 03 2015  09 07  -17.4938 23946.1 -03363.1 -07.9946 24181.1
 19 03 2015  09 08  -17.4924 23946.9 -03363.4 -07.9949 24181.9
 19 03 2015  09 09  -17.4903 23947.1 -03363.1 -07.9943 24182.1
 19 03 2015  09 10  -17.4884 23947.8 -03363.1 -07.9940 24182.8
 19 03 2015  09 11  -17.4873 23948.1 -03363.2 -07.9941 24183.1
 19 03 2015  09 12  -17.4859 23948.8 -03363.0 -07.9935 24183.8
 19 03 2015  09 13  -17.4844 23950.2 -03362.7 -07.9924 24185.1
 19 03 2015  09 14  -17.4840 23950.7 -03363.0 -07.9929 24185.7
 19 03 2015  09 15  -17.4837 23950.7 -03363.3 -07.9936 24185.7
 19 03 2015  09 16  -17.4822 23951.1 -03363.4 -07.9936 24186.1
 19 03 2015  09 17  -17.4811 23951.7 -03363.5 -07.9936 24186.7
 19 03 2015  09 18  -17.4806 23952.1 -03363.7 -07.9941 24187.1
 19 03 2015  09 19  -17.4800 23952.2 -03363.7 -07.9940 24187.2
 19 03 2015  09 20  -17.4784 23952.1 -03363.2 -07.9928 24187.0
 19 03 2015  09 21  -17.4783 23951.7 -03364.3 -07.9956 24186.9
 19 03 2015  09 22  -17.4774 23951.9 -03363.8 -07.9944 24187.0
 19 03 2015  09 23  -17.4764 23952.1 -03363.8 -07.9943 24187.2
 19 03 2015  09 24  -17.4766 23952.1 -03363.0 -07.9924 24187.1
 19 03 2015  09 25  -17.4763 23953.1 -03363.8 -07.9940 24188.1
 19 03 2015  09 26  -17.4767 23954.0 -03363.3 -07.9925 24189.0
 19 03 2015  09 27  -17.4780 23954.6 -03363.6 -07.9929 24189.6
 19 03 2015  09 28  -17.4806 23954.3 -03363.9 -07.9937 24189.4
 19 03 2015  09 29  -17.4819 23954.8 -03363.9 -07.9935 24189.8
 19 03 2015  09 30  -17.4833 23955.4 -03363.8 -07.9932 24190.4
 19 03 2015  09 31  -17.4847 23955.8 -03364.1 -07.9936 24190.8
 19 03 2015  09 32  -17.4861 23956.5 -03363.8 -07.9928 24191.5
 19 03 2015  09 33  -17.4880 23957.3 -03363.9 -07.9927 24192.4
 19 03 2015  09 34  -17.4906 23958.0 -03363.7 -07.9920 24193.0
 19 03 2015  09 35  -17.4932 23958.2 -03364.3 -07.9934 24193.3
 19 03 2015  09 36  -17.4943 23958.8 -03363.6 -07.9917 24193.8
 19 03 2015  09 37  -17.4960 23959.5 -03364.0 -07.9923 24194.5
 19 03 2015  09 38  -17.4969 23960.2 -03363.5 -07.9909 24195.2
 19 03 2015  09 39  -17.4978 23960.8 -03363.8 -07.9913 24195.8
 19 03 2015  09 40  -17.4983 23961.5 -03363.5 -07.9905 24196.5
 19 03 2015  09 41  -17.4989 23962.0 -03363.3 -07.9899 24196.9
 19 03 2015  09 42  -17.4991 23962.5 -03363.0 -07.9890 24197.4
 19 03 2015  09 43  -17.4983 23962.5 -03363.2 -07.9894 24197.3
 19 03 2015  09 44  -17.4974 23962.8 -03363.3 -07.9895 24197.7
 19 03 2015  09 45  -17.4969 23963.1 -03362.9 -07.9885 24197.9
 19 03 2015  09 46  -17.4972 23963.3 -03363.8 -07.9907 24198.3
 19 03 2015  09 47  -17.4973 23963.6 -03363.9 -07.9908 24198.5
 19 03 2015  09 48  -17.4968 23963.6 -03364.0 -07.9909 24198.6
 19 03 2015  09 49  -17.4966 23963.7 -03364.9 -07.9929 24198.8
 19 03 2015  09 50  -17.4967 23963.5 -03363.8 -07.9906 24198.5
 19 03 2015  09 51  -17.4973 23963.2 -03364.9 -07.9931 24198.3
 19 03 2015  09 52  -17.4974 23963.0 -03365.1 -07.9936 24198.1
 19 03 2015  09 53  -17.4974 23962.7 -03365.1 -07.9939 24197.8
 19 03 2015  09 54  -17.4979 23962.2 -03365.7 -07.9954 24197.4
 19 03 2015  09 55  -17.4983 23961.7 -03365.8 -07.9957 24197.0
 19 03 2015  09 56  -17.4985 23961.4 -03365.5 -07.9951 24196.6
 19 03 2015  09 57  -17.4996 23961.6 -03366.4 -07.9971 24196.9
 19 03 2015  09 58  -17.5001 23961.3 -03366.2 -07.9968 24196.6
 19 03 2015  09 59  -17.5000 23961.1 -03366.2 -07.9969 24196.4
 19 03 2015  10 00  -17.5001 23961.3 -03365.8 -07.9959 24196.6
 19 03 2015  10 01  -17.4999 23960.7 -03366.5 -07.9976 24196.0
 19 03 2015  10 02  -17.4983 23960.6 -03366.2 -07.9971 24195.9
 19 03 2015  10 03  -17.4986 23960.7 -03366.2 -07.9971 24196.0
 19 03 2015  10 04  -17.5007 23960.9 -03365.9 -07.9963 24196.2
 19 03 2015  10 05  -17.5013 23960.7 -03366.2 -07.9970 24196.0
 19 03 2015  10 06  -17.5022 23961.0 -03366.2 -07.9968 24196.3
 19 03 2015  10 07  -17.5039 23961.0 -03366.2 -07.9969 24196.2
 19 03 2015  10 08  -17.5042 23960.5 -03366.5 -07.9979 24195.9
 19 03 2015  10 09  -17.5033 23960.1 -03366.7 -07.9983 24195.5
 19 03 2015  10 10  -17.5043 23960.3 -03366.8 -07.9986 24195.6
 19 03 2015  10 11  -17.5052 23960.4 -03366.7 -07.9984 24195.8
 19 03 2015  10 12  -17.5048 23960.3 -03366.8 -07.9986 24195.7
 19 03 2015  10 13  -17.5043 23960.1 -03366.8 -07.9986 24195.5
 19 03 2015  10 14  -17.5039 23960.2 -03366.8 -07.9986 24195.6
 19 03 2015  10 15  -17.5028 23960.3 -03366.6 -07.9982 24195.7
 19 03 2015  10 16  -17.5032 23960.4 -03366.6 -07.9981 24195.7
 19 03 2015  10 17  -17.5034 23960.4 -03366.6 -07.9981 24195.8
 19 03 2015  10 18  -17.5030 23959.7 -03366.8 -07.9987 24195.1
 19 03 2015  10 19  -17.5022 23958.5 -03367.2 -08.0002 24194.0
 19 03 2015  10 20  -17.5024 23957.4 -03367.5 -08.0013 24192.9
 19 03 2015  10 21  -17.5031 23956.4 -03367.8 -08.0022 24192.0
 19 03 2015  10 22  -17.5021 23956.0 -03367.6 -08.0020 24191.5
 19 03 2015  10 23  -17.5014 23955.1 -03367.4 -08.0018 24190.6
 19 03 2015  10 24  -17.5022 23953.5 -03367.6 -08.0028 24189.0
 19 03 2015  10 25  -17.5033 23952.3 -03367.9 -08.0037 24187.9
 19 03 2015  10 26  -17.5033 23951.6 -03367.9 -08.0040 24187.2
 19 03 2015  10 27  -17.5042 23951.1 -03368.0 -08.0045 24186.7
 19 03 2015  10 28  -17.5052 23950.5 -03368.1 -08.0050 24186.1
 19 03 2015  10 29  -17.5042 23950.0 -03368.0 -08.0048 24185.6
 19 03 2015  10 30  -17.5043 23950.4 -03367.8 -08.0041 24186.0
 19 03 2015  10 31  -17.5056 23950.6 -03367.1 -08.0025 24186.1
 19 03 2015  10 32  -17.5069 23950.3 -03367.4 -08.0032 24185.9
 19 03 2015  10 33  -17.5069 23949.8 -03367.9 -08.0046 24185.4
 19 03 2015  10 34  -17.5058 23949.7 -03367.5 -08.0038 24185.3
 19 03 2015  10 35  -17.5054 23950.0 -03367.3 -08.0030 24185.6
 19 03 2015  10 36  -17.5056 23950.2 -03367.0 -08.0023 24185.7
 19 03 2015  10 37  -17.5060 23949.2 -03367.4 -08.0037 24184.7
 19 03 2015  10 38  -17.5074 23948.4 -03367.6 -08.0043 24184.0
 19 03 2015  10 39  -17.5077 23948.7 -03367.5 -08.0041 24184.3
 19 03 2015  10 40  -17.5060 23949.0 -03367.0 -08.0027 24184.5
 19 03 2015  10 41  -17.5047 23949.3 -03366.9 -08.0024 24184.8
 19 03 2015  10 42  -17.5041 23950.1 -03366.5 -08.0013 24185.5
 19 03 2015  10 43  -17.5035 23950.5 -03366.1 -08.0002 24185.9
 19 03 2015  10 44  -17.5047 23951.1 -03365.8 -07.9992 24186.5
 19 03 2015  10 45  -17.5067 23952.3 -03365.0 -07.9970 24187.5
 19 03 2015  10 46  -17.5078 23953.3 -03364.3 -07.9949 24188.4
 19 03 2015  10 47  -17.5082 23953.8 -03364.1 -07.9943 24188.9
 19 03 2015  10 48  -17.5074 23953.7 -03363.6 -07.9933 24188.7
 19 03 2015  10 49  -17.5059 23953.7 -03363.9 -07.9940 24188.7
 19 03 2015  10 50  -17.5053 23953.4 -03363.9 -07.9941 24188.4
 19 03 2015  10 51  -17.5063 23952.9 -03364.4 -07.9954 24188.0
 19 03 2015  10 52  -17.5069 23952.6 -03364.5 -07.9957 24187.8
 19 03 2015  10 53  -17.5071 23951.7 -03364.6 -07.9963 24186.9
 19 03 2015  10 54  -17.5060 23951.1 -03365.4 -07.9983 24186.3
 19 03 2015  10 55  -17.5048 23950.7 -03365.0 -07.9976 24185.9
 19 03 2015  10 56  -17.5053 23950.5 -03365.0 -07.9975 24185.7
 19 03 2015  10 57  -17.5070 23950.3 -03365.1 -07.9979 24185.5
 19 03 2015  10 58  -17.5070 23950.4 -03365.0 -07.9975 24185.6
 19 03 2015  10 59  -17.5075 23951.3 -03364.4 -07.9960 24186.5
 19 03 2015  11 00  -17.5073 23952.2 -03363.4 -07.9933 24187.2
 19 03 2015  11 01  -17.5069 23951.5 -03363.1 -07.9927 24186.5
 19 03 2015  11 02  -17.5092 23950.2 -03362.6 -07.9921 24185.1
 19 03 2015  11 03  -17.5087 23951.3 -03363.4 -07.9935 24186.3
 19 03 2015  11 04  -17.5125 23951.0 -03363.4 -07.9937 24186.0
 19 03 2015  11 05  -17.5145 23949.5 -03363.5 -07.9944 24184.6
 19 03 2015  11 06  -17.5155 23947.1 -03364.7 -07.9981 24182.3
 19 03 2015  11 07  -17.5150 23945.8 -03365.4 -08.0000 24181.1
 19 03 2015  11 08  -17.5137 23945.1 -03365.5 -08.0006 24180.5
 19 03 2015  11 09  -17.5128 23944.8 -03365.7 -08.0012 24180.1
 19 03 2015  11 10  -17.5137 23944.4 -03365.9 -08.0017 24179.8
 19 03 2015  11 11  -17.5142 23943.3 -03366.7 -08.0038 24178.9
 19 03 2015  11 12  -17.5142 23942.5 -03366.9 -08.0047 24178.1
 19 03 2015  11 13  -17.5136 23942.1 -03366.9 -08.0047 24177.7
 19 03 2015  11 14  -17.5132 23942.4 -03366.4 -08.0035 24178.0
 19 03 2015  11 15  -17.5107 23943.5 -03365.5 -08.0011 24178.8
 19 03 2015  11 16  -17.5098 23944.0 -03364.8 -07.9993 24179.2
 19 03 2015  11 17  -17.5079 23945.0 -03363.8 -07.9967 24180.1
 19 03 2015  11 18  -17.5066 23946.0 -03363.1 -07.9946 24181.0
 19 03 2015  11 19  -17.5063 23945.5 -03362.8 -07.9940 24180.4
 19 03 2015  11 20  -17.5061 23944.7 -03362.5 -07.9936 24179.7
 19 03 2015  11 21  -17.5061 23944.8 -03362.5 -07.9936 24179.7
 19 03 2015  11 22  -17.5056 23944.7 -03362.1 -07.9926 24179.6
 19 03 2015  11 23  -17.5044 23943.8 -03362.2 -07.9933 24178.7
 19 03 2015  11 24  -17.5044 23943.4 -03362.5 -07.9940 24178.3
 19 03 2015  11 25  -17.5041 23943.3 -03362.2 -07.9933 24178.2
 19 03 2015  11 26  -17.5021 23943.0 -03361.9 -07.9928 24177.9
 19 03 2015  11 27  -17.4999 23943.4 -03361.8 -07.9924 24178.3
 19 03 2015  11 28  -17.4993 23943.9 -03361.3 -07.9911 24178.7
 19 03 2015  11 29  -17.5008 23944.3 -03361.2 -07.9908 24179.1
 19 03 2015  11 30  -17.5017 23944.8 -03360.9 -07.9899 24179.5
 19 03 2015  11 31  -17.5015 23945.2 -03361.1 -07.9902 24180.0
 19 03 2015  11 32  -17.5004 23945.6 -03360.7 -07.9892 24180.3
 19 03 2015  11 33  -17.4997 23945.6 -03360.8 -07.9893 24180.3
 19 03 2015  11 34  -17.4996 23946.5 -03360.4 -07.9880 24181.2
 19 03 2015  11 35  -17.4995 23947.3 -03359.8 -07.9864 24181.8
 19 03 2015  11 36  -17.5014 23946.9 -03359.8 -07.9865 24181.4
 19 03 2015  11 37  -17.5018 23946.8 -03359.6 -07.9861 24181.3
 19 03 2015  11 38  -17.5027 23944.9 -03360.4 -07.9886 24179.6
 19 03 2015  11 39  -17.5023 23945.0 -03360.4 -07.9886 24179.6
 19 03 2015  11 40  -17.5024 23944.5 -03360.6 -07.9891 24179.2
 19 03 2015  11 41  -17.5033 23944.7 -03360.6 -07.9892 24179.4
 19 03 2015  11 42  -17.5039 23944.6 -03360.4 -07.9887 24179.3
 19 03 2015  11 43  -17.5017 23944.3 -03360.5 -07.9890 24179.0
 19 03 2015  11 44  -17.4989 23944.9 -03359.9 -07.9874 24179.4
 19 03 2015  11 45  -17.4954 23945.7 -03359.2 -07.9855 24180.1
 19 03 2015  11 46  -17.4937 23947.0 -03358.6 -07.9838 24181.4
 19 03 2015  11 47  -17.4948 23947.3 -03358.4 -07.9832 24181.6
 19 03 2015  11 48  -17.4954 23947.2 -03358.4 -07.9832 24181.5
 19 03 2015  11 49  -17.4961 23947.4 -03358.4 -07.9830 24181.7
 19 03 2015  11 50  -17.4930 23949.7 -03357.3 -07.9799 24183.9
 19 03 2015  11 51  -17.4906 23952.1 -03356.3 -07.9767 24186.1
 19 03 2015  11 52  -17.4888 23953.6 -03355.9 -07.9752 24187.6
 19 03 2015  11 53  -17.4882 23955.1 -03355.5 -07.9738 24189.0
 19 03 2015  11 54  -17.4886 23954.8 -03355.3 -07.9734 24188.6
 19 03 2015  11 55  -17.4888 23954.6 -03355.8 -07.9746 24188.6
 19 03 2015  11 56  -17.4885 23954.6 -03355.9 -07.9749 24188.5
 19 03 2015  11 57  -17.4892 23953.8 -03356.4 -07.9764 24187.8
 19 03 2015  11 58  -17.4912 23953.7 -03356.6 -07.9768 24187.8
 19 03 2015  11 59  -17.4914 23953.0 -03357.1 -07.9782 24187.1
 19 03 2015  12 00  -17.4921 23952.2 -03357.5 -07.9796 24186.3
 19 03 2015  12 01  -17.4925 23951.7 -03358.1 -07.9811 24185.9
 19 03 2015  12 02  -17.4947 23950.1 -03359.0 -07.9836 24184.5
 19 03 2015  12 03  -17.4957 23949.9 -03359.4 -07.9847 24184.3
 19 03 2015  12 04  -17.4949 23949.7 -03359.5 -07.9849 24184.1
 19 03 2015  12 05  -17.4932 23949.2 -03359.5 -07.9852 24183.7
 19 03 2015  12 06  -17.4928 23949.2 -03359.7 -07.9856 24183.7
 19 03 2015  12 07  -17.4932 23949.8 -03359.6 -07.9852 24184.3
 19 03 2015  12 08  -17.4925 23950.8 -03359.3 -07.9841 24185.2
 19 03 2015  12 09  -17.4921 23950.9 -03359.3 -07.9842 24185.3
 19 03 2015  12 10  -17.4927 23949.9 -03360.2 -07.9864 24184.5
 19 03 2015  12 11  -17.4922 23951.2 -03359.9 -07.9853 24185.7
 19 03 2015  12 12  -17.4905 23953.3 -03359.1 -07.9828 24187.7
 19 03 2015  12 13  -17.4896 23953.1 -03359.1 -07.9828 24187.5
 19 03 2015  12 14  -17.4888 23952.9 -03359.7 -07.9844 24187.4
 19 03 2015  12 15  -17.4895 23952.3 -03360.2 -07.9858 24186.8
 19 03 2015  12 16  -17.4899 23952.2 -03360.7 -07.9869 24186.8
 19 03 2015  12 17  -17.4889 23952.7 -03360.7 -07.9867 24187.3
 19 03 2015  12 18  -17.4872 23952.7 -03361.1 -07.9877 24187.3
 19 03 2015  12 19  -17.4865 23952.2 -03361.6 -07.9890 24187.0
 19 03 2015  12 20  -17.4874 23952.0 -03362.1 -07.9902 24186.9
 19 03 2015  12 21  -17.4884 23952.4 -03362.2 -07.9904 24187.2
 19 03 2015  12 22  -17.4879 23953.3 -03361.8 -07.9891 24188.0
 19 03 2015  12 23  -17.4866 23955.1 -03360.9 -07.9865 24189.7
 19 03 2015  12 24  -17.4861 23956.9 -03360.6 -07.9853 24191.4
 19 03 2015  12 25  -17.4851 23958.9 -03360.0 -07.9830 24193.4
 19 03 2015  12 26  -17.4842 23960.5 -03359.5 -07.9815 24194.9
 19 03 2015  12 27  -17.4841 23961.1 -03359.2 -07.9805 24195.4
 19 03 2015  12 28  -17.4847 23961.6 -03359.5 -07.9809 24195.9
 19 03 2015  12 29  -17.4828 23962.5 -03359.3 -07.9802 24196.9
 19 03 2015  12 30  -17.4813 23963.5 -03359.2 -07.9796 24197.8
 19 03 2015  12 31  -17.4807 23964.6 -03358.8 -07.9783 24198.8
 19 03 2015  12 32  -17.4808 23965.2 -03358.8 -07.9782 24199.4
 19 03 2015  12 33  -17.4811 23966.1 -03358.7 -07.9776 24200.3
 19 03 2015  12 34  -17.4824 23966.5 -03358.7 -07.9775 24200.7
 19 03 2015  12 35  -17.4829 23967.0 -03358.5 -07.9770 24201.2
 19 03 2015  12 36  -17.4830 23967.0 -03358.9 -07.9779 24201.3
 19 03 2015  12 37  -17.4832 23967.3 -03359.1 -07.9781 24201.5
 19 03 2015  12 38  -17.4824 23968.5 -03358.5 -07.9765 24202.6
 19 03 2015  12 39  -17.4818 23969.3 -03358.9 -07.9770 24203.5
 19 03 2015  12 40  -17.4816 23969.9 -03358.6 -07.9763 24204.1
 19 03 2015  12 41  -17.4809 23971.1 -03358.0 -07.9744 24205.2
 19 03 2015  12 42  -17.4805 23971.2 -03358.5 -07.9755 24205.3
 19 03 2015  12 43  -17.4800 23972.3 -03358.2 -07.9745 24206.4
 19 03 2015  12 44  -17.4802 23972.7 -03358.0 -07.9738 24206.7
 19 03 2015  12 45  -17.4794 23973.9 -03357.7 -07.9727 24207.9
 19 03 2015  12 46  -17.4781 23975.3 -03357.1 -07.9709 24209.2
 19 03 2015  12 47  -17.4767 23976.6 -03356.9 -07.9700 24210.5
 19 03 2015  12 48  -17.4768 23976.2 -03357.4 -07.9714 24210.2
 19 03 2015  12 49  -17.4768 23977.5 -03357.3 -07.9707 24211.4
 19 03 2015  12 50  -17.4760 23980.0 -03356.0 -07.9668 24213.7
 19 03 2015  12 51  -17.4755 23982.0 -03354.9 -07.9634 24215.5
 19 03 2015  12 52  -17.4759 23983.1 -03354.6 -07.9626 24216.5
 19 03 2015  12 53  -17.4763 23984.1 -03354.1 -07.9611 24217.5
 19 03 2015  12 54  -17.4765 23985.1 -03354.2 -07.9608 24218.5
 19 03 2015  12 55  -17.4753 23986.0 -03353.7 -07.9594 24219.3
 19 03 2015  12 56  -17.4762 23983.3 -03355.0 -07.9633 24216.8
 19 03 2015  12 57  -17.4772 23981.8 -03356.6 -07.9676 24215.5
 19 03 2015  12 58  -17.4771 23980.4 -03357.4 -07.9700 24214.3
 19 03 2015  12 59  -17.4760 23979.4 -03358.1 -07.9720 24213.4
 19 03 2015  13 00  -17.4748 23980.1 -03357.8 -07.9711 24214.0
 19 03 2015  13 01  -17.4739 23980.3 -03357.7 -07.9706 24214.2
 19 03 2015  13 02  -17.4748 23979.7 -03357.8 -07.9712 24213.7
 19 03 2015  13 03  -17.4757 23979.0 -03358.4 -07.9726 24213.0
 19 03 2015  13 04  -17.4767 23978.0 -03359.0 -07.9746 24212.2
 19 03 2015  13 05  -17.4776 23978.4 -03359.1 -07.9747 24212.6
 19 03 2015  13 06  -17.4789 23976.6 -03359.9 -07.9770 24210.9
 19 03 2015  13 07  -17.4786 23975.7 -03360.7 -07.9792 24210.1
 19 03 2015  13 08  -17.4788 23973.3 -03362.1 -07.9833 24207.9
 19 03 2015  13 09  -17.4800 23970.7 -03363.5 -07.9873 24205.5
 19 03 2015  13 10  -17.4816 23968.5 -03365.0 -07.9917 24203.6
 19 03 2015  13 11  -17.4830 23967.3 -03366.0 -07.9944 24202.5
 19 03 2015  13 12  -17.4839 23967.3 -03366.0 -07.9944 24202.5
 19 03 2015  13 13  -17.4841 23968.7 -03365.0 -07.9917 24203.7
 19 03 2015  13 14  -17.4843 23970.1 -03364.5 -07.9899 24205.0
 19 03 2015  13 15  -17.4849 23970.9 -03364.0 -07.9885 24205.8
 19 03 2015  13 16  -17.4858 23971.5 -03363.6 -07.9874 24206.3
 19 03 2015  13 17  -17.4865 23972.0 -03363.4 -07.9868 24206.8
 19 03 2015  13 18  -17.4870 23972.7 -03363.1 -07.9857 24207.5
 19 03 2015  13 19  -17.4864 23973.9 -03362.5 -07.9839 24208.6
 19 03 2015  13 20  -17.4849 23975.4 -03361.6 -07.9814 24209.9
 19 03 2015  13 21  -17.4838 23976.8 -03360.9 -07.9794 24211.2
 19 03 2015  13 22  -17.4827 23978.0 -03360.3 -07.9776 24212.3
 19 03 2015  13 23  -17.4821 23978.7 -03360.0 -07.9767 24213.0
 19 03 2015  13 24  -17.4814 23979.3 -03359.8 -07.9759 24213.5
 19 03 2015  13 25  -17.4803 23980.0 -03359.4 -07.9748 24214.2
 19 03 2015  13 26  -17.4794 23980.9 -03359.0 -07.9734 24215.0
 19 03 2015  13 27  -17.4778 23981.8 -03358.4 -07.9719 24215.8
 19 03 2015  13 28  -17.4772 23981.1 -03358.7 -07.9727 24215.2
 19 03 2015  13 29  -17.4770 23980.2 -03359.3 -07.9745 24214.4
 19 03 2015  13 30  -17.4766 23979.7 -03359.7 -07.9754 24213.9
 19 03 2015  13 31  -17.4749 23980.8 -03359.0 -07.9736 24214.9
 19 03 2015  13 32  -17.4738 23981.6 -03358.6 -07.9723 24215.6
 19 03 2015  13 33  -17.4728 23981.9 -03358.3 -07.9716 24215.9
 19 03 2015  13 34  -17.4715 23982.4 -03358.0 -07.9707 24216.4
 19 03 2015  13 35  -17.4705 23983.4 -03357.5 -07.9692 24217.3
 19 03 2015  13 36  -17.4702 23984.3 -03357.0 -07.9677 24218.0
 19 03 2015  13 37  -17.4699 23984.5 -03356.9 -07.9675 24218.2
 19 03 2015  13 38  -17.4706 23984.3 -03357.1 -07.9679 24218.1
 19 03 2015  13 39  -17.4707 23984.6 -03357.0 -07.9676 24218.4
 19 03 2015  13 40  -17.4713 23984.5 -03357.0 -07.9677 24218.2
 19 03 2015  13 41  -17.4714 23984.7 -03357.1 -07.9679 24218.5
 19 03 2015  13 42  -17.4713 23985.5 -03356.5 -07.9662 24219.2
 19 03 2015  13 43  -17.4707 23986.3 -03356.0 -07.9647 24220.0
 19 03 2015  13 44  -17.4704 23986.3 -03356.1 -07.9650 24220.0
 19 03 2015  13 45  -17.4702 23986.2 -03356.1 -07.9650 24219.8
 19 03 2015  13 46  -17.4695 23986.9 -03355.6 -07.9636 24220.5
 19 03 2015  13 47  -17.4703 23987.3 -03355.6 -07.9635 24220.8
 19 03 2015  13 48  -17.4703 23987.3 -03355.3 -07.9627 24220.9
 19 03 2015  13 49  -17.4698 23987.4 -03355.4 -07.9629 24220.9
 19 03 2015  13 50  -17.4689 23987.5 -03355.3 -07.9627 24221.1
 19 03 2015  13 51  -17.4684 23988.2 -03355.3 -07.9625 24221.7
 19 03 2015  13 52  -17.4679 23988.5 -03354.8 -07.9612 24222.0
 19 03 2015  13 53  -17.4677 23988.9 -03354.3 -07.9599 24222.3
 19 03 2015  13 54  -17.4677 23988.8 -03354.9 -07.9612 24222.3
 19 03 2015  13 55  -17.4675 23988.9 -03354.5 -07.9604 24222.3
 19 03 2015  13 56  -17.4672 23988.8 -03354.4 -07.9600 24222.2
 19 03 2015  13 57  -17.4672 23988.7 -03354.6 -07.9608 24222.1
 19 03 2015  13 58  -17.4676 23988.4 -03355.0 -07.9616 24221.9
 19 03 2015  13 59  -17.4671 23988.9 -03354.7 -07.9608 24222.4
 19 03 2015  14 00  -17.4674 23988.6 -03354.5 -07.9605 24222.0
 19 03 2015  14 01  -17.4684 23987.5 -03355.1 -07.9622 24221.0
 19 03 2015  14 02  -17.4691 23986.5 -03355.5 -07.9635 24220.1
 19 03 2015  14 03  -17.4699 23985.9 -03356.0 -07.9648 24219.6
 19 03 2015  14 04  -17.4702 23985.6 -03356.0 -07.9649 24219.3
 19 03 2015  14 05  -17.4705 23985.2 -03356.0 -07.9651 24218.9
 19 03 2015  14 06  -17.4704 23984.5 -03356.2 -07.9657 24218.2
 19 03 2015  14 07  -17.4699 23983.9 -03356.2 -07.9659 24217.6
 19 03 2015  14 08  -17.4701 23983.0 -03356.2 -07.9664 24216.7
 19 03 2015  14 09  -17.4706 23982.8 -03356.3 -07.9665 24216.5
 19 03 2015  14 10  -17.4702 23983.7 -03356.1 -07.9657 24217.3
 19 03 2015  14 11  -17.4686 23984.6 -03355.5 -07.9641 24218.1
 19 03 2015  14 12  -17.4676 23984.8 -03355.3 -07.9635 24218.3
 19 03 2015  14 13  -17.4678 23983.7 -03355.7 -07.9647 24217.3
 19 03 2015  14 14  -17.4690 23981.3 -03356.8 -07.9683 24215.1
 19 03 2015  14 15  -17.4709 23977.7 -03358.7 -07.9739 24211.8
 19 03 2015  14 16  -17.4725 23975.1 -03360.3 -07.9784 24209.4
 19 03 2015  14 17  -17.4727 23973.7 -03361.0 -07.9806 24208.1
 19 03 2015  14 18  -17.4711 23974.6 -03360.6 -07.9794 24209.0
 19 03 2015  14 19  -17.4703 23974.4 -03360.7 -07.9795 24208.8
 19 03 2015  14 20  -17.4700 23973.7 -03360.8 -07.9801 24208.2
 19 03 2015  14 21  -17.4701 23972.6 -03361.3 -07.9817 24207.2
 19 03 2015  14 22  -17.4711 23972.4 -03361.7 -07.9826 24207.0
 19 03 2015  14 23  -17.4723 23972.1 -03361.9 -07.9832 24206.7
 19 03 2015  14 24  -17.4701 23972.8 -03361.4 -07.9819 24207.3
 19 03 2015  14 25  -17.4681 23973.4 -03360.8 -07.9801 24207.8
 19 03 2015  14 26  -17.4650 23975.1 -03360.0 -07.9778 24209.4
 19 03 2015  14 27  -17.4630 23974.5 -03360.3 -07.9786 24208.8
 19 03 2015  14 28  -17.4624 23973.9 -03360.4 -07.9792 24208.3
 19 03 2015  14 29  -17.4628 23974.3 -03360.3 -07.9788 24208.6
 19 03 2015  14 30  -17.4619 23974.8 -03359.8 -07.9775 24209.0
 19 03 2015  14 31  -17.4619 23974.7 -03360.2 -07.9783 24209.1
 19 03 2015  14 32  -17.4620 23974.4 -03359.7 -07.9773 24208.6
 19 03 2015  14 33  -17.4618 23974.8 -03359.9 -07.9775 24209.1
 19 03 2015  14 34  -17.4612 23976.3 -03359.1 -07.9753 24210.5
 19 03 2015  14 35  -17.4620 23977.9 -03358.3 -07.9729 24211.9
 19 03 2015  14 36  -17.4635 23978.1 -03358.3 -07.9729 24212.1
 19 03 2015  14 37  -17.4642 23977.9 -03358.0 -07.9721 24211.9
 19 03 2015  14 38  -17.4647 23978.3 -03357.9 -07.9718 24212.3
 19 03 2015  14 39  -17.4637 23977.7 -03357.8 -07.9717 24211.7
 19 03 2015  14 40  -17.4638 23977.2 -03358.5 -07.9736 24211.3
 19 03 2015  14 41  -17.4631 23977.2 -03358.1 -07.9727 24211.2
 19 03 2015  14 42  -17.4634 23975.6 -03359.2 -07.9758 24209.8
 19 03 2015  14 43  -17.4636 23974.2 -03360.1 -07.9783 24208.5
 19 03 2015  14 44  -17.4643 23972.9 -03360.8 -07.9803 24207.3
 19 03 2015  14 45  -17.4653 23972.4 -03361.1 -07.9813 24206.9
 19 03 2015  14 46  -17.4642 23973.4 -03360.8 -07.9801 24207.9
 19 03 2015  14 47  -17.4608 23975.1 -03359.6 -07.9768 24209.4
 19 03 2015  14 48  -17.4608 23973.6 -03360.2 -07.9787 24208.0
 19 03 2015  14 49  -17.4626 23970.4 -03361.7 -07.9832 24205.0
 19 03 2015  14 50  -17.4654 23965.6 -03363.9 -07.9901 24200.5
 19 03 2015  14 51  -17.4667 23962.9 -03365.1 -07.9938 24198.0
 19 03 2015  14 52  -17.4684 23961.1 -03366.1 -07.9967 24196.3
 19 03 2015  14 53  -17.4697 23960.5 -03366.6 -07.9981 24195.9
 19 03 2015  14 54  -17.4701 23962.9 -03366.1 -07.9961 24198.2
 19 03 2015  14 55  -17.4685 23966.2 -03364.6 -07.9915 24201.3
 19 03 2015  14 56  -17.4667 23967.7 -03364.0 -07.9895 24202.7
 19 03 2015  14 57  -17.4656 23968.0 -03363.9 -07.9892 24202.9
 19 03 2015  14 58  -17.4650 23967.4 -03364.2 -07.9903 24202.3
 19 03 2015  14 59  -17.4646 23967.6 -03364.3 -07.9903 24202.5
 19 03 2015  15 00  -17.4649 23968.9 -03363.6 -07.9883 24203.8
 19 03 2015  15 01  -17.4663 23970.5 -03362.9 -07.9860 24205.2
 19 03 2015  15 02  -17.4676 23971.6 -03362.2 -07.9840 24206.2
 19 03 2015  15 03  -17.4677 23971.8 -03361.7 -07.9828 24206.4
 19 03 2015  15 04  -17.4679 23971.0 -03362.0 -07.9838 24205.6
 19 03 2015  15 05  -17.4687 23970.1 -03362.8 -07.9859 24204.9
 19 03 2015  15 06  -17.4688 23969.9 -03363.2 -07.9871 24204.7
 19 03 2015  15 07  -17.4691 23969.3 -03363.4 -07.9876 24204.2
 19 03 2015  15 08  -17.4690 23969.1 -03363.7 -07.9884 24204.0
 19 03 2015  15 09  -17.4677 23970.8 -03363.1 -07.9865 24205.6
 19 03 2015  15 10  -17.4661 23972.6 -03362.2 -07.9837 24207.2
 19 03 2015  15 11  -17.4649 23974.4 -03361.4 -07.9812 24208.9
 19 03 2015  15 12  -17.4646 23975.9 -03360.9 -07.9797 24210.3
 19 03 2015  15 13  -17.4646 23976.3 -03360.5 -07.9786 24210.7
 19 03 2015  15 14  -17.4644 23975.8 -03360.8 -07.9795 24210.2
 19 03 2015  15 15  -17.4641 23974.8 -03361.4 -07.9813 24209.3
 19 03 2015  15 16  -17.4637 23974.4 -03361.8 -07.9822 24209.0
 19 03 2015  15 17  -17.4627 23975.4 -03361.6 -07.9814 24209.9
 19 03 2015  15 18  -17.4622 23976.1 -03361.4 -07.9808 24210.6
 19 03 2015  15 19  -17.4620 23976.1 -03361.4 -07.9807 24210.6
 19 03 2015  15 20  -17.4622 23975.5 -03361.9 -07.9821 24210.1
 19 03 2015  15 21  -17.4630 23974.3 -03362.6 -07.9841 24209.0
 19 03 2015  15 22  -17.4634 23973.0 -03363.4 -07.9863 24207.8
 19 03 2015  15 23  -17.4630 23972.6 -03363.9 -07.9878 24207.5
 19 03 2015  15 24  -17.4625 23972.7 -03364.3 -07.9885 24207.7
 19 03 2015  15 25  -17.4623 23973.1 -03364.5 -07.9890 24208.1
 19 03 2015  15 26  -17.4622 23973.5 -03364.6 -07.9891 24208.4
 19 03 2015  15 27  -17.4620 23973.7 -03364.6 -07.9891 24208.6
 19 03 2015  15 28  -17.4608 23974.4 -03364.4 -07.9883 24209.3
 19 03 2015  15 29  -17.4601 23975.1 -03364.5 -07.9882 24210.0
 19 03 2015  15 30  -17.4594 23975.6 -03364.6 -07.9884 24210.6
 19 03 2015  15 31  -17.4590 23976.2 -03364.3 -07.9875 24211.0
 19 03 2015  15 32  -17.4584 23977.0 -03364.9 -07.9887 24212.0
 19 03 2015  15 33  -17.4569 23977.4 -03364.3 -07.9871 24212.3
 19 03 2015  15 34  -17.4558 23977.6 -03365.2 -07.9892 24212.6
 19 03 2015  15 35  -17.4553 23977.1 -03365.1 -07.9891 24212.1
 19 03 2015  15 36  -17.4548 23977.0 -03365.1 -07.9892 24212.0
 19 03 2015  15 37  -17.4542 23978.0 -03366.6 -07.9924 24213.2
 19 03 2015  15 38  -17.4530 23979.3 -03364.9 -07.9879 24214.2
 19 03 2015  15 39  -17.4524 23979.3 -03366.4 -07.9913 24214.5
 19 03 2015  15 40  -17.4521 23978.9 -03365.4 -07.9891 24213.9
 19 03 2015  15 41  -17.4522 23978.8 -03366.8 -07.9925 24214.0
 19 03 2015  15 42  -17.4521 23978.4 -03367.0 -07.9932 24213.7
 19 03 2015  15 43  -17.4528 23977.5 -03367.6 -07.9949 24212.8
 19 03 2015  15 44  -17.4537 23976.2 -03367.4 -07.9948 24211.6
 19 03 2015  15 45  -17.4550 23974.9 -03368.1 -07.9968 24210.3
 19 03 2015  15 46  -17.4561 23973.5 -03370.4 -08.0026 24209.3
 19 03 2015  15 47  -17.4561 23974.0 -03370.4 -08.0026 24209.7
 19 03 2015  15 48  -17.4560 23974.0 -03369.7 -08.0007 24209.7
 19 03 2015  15 49  -17.4551 23975.0 -03371.5 -08.0046 24210.9
 19 03 2015  15 50  -17.4536 23976.6 -03370.9 -08.0028 24212.4
 19 03 2015  15 51  -17.4529 23977.8 -03368.8 -07.9975 24213.2
 19 03 2015  15 52  -17.4532 23978.2 -03369.6 -07.9992 24213.8
 19 03 2015  15 53  -17.4529 23979.1 -03370.3 -08.0005 24214.8
 19 03 2015  15 54  -17.4520 23979.4 -03370.0 -07.9998 24215.0
 19 03 2015  15 55  -17.4515 23979.1 -03369.3 -07.9982 24214.6
 19 03 2015  15 56  -17.4513 23978.7 -03370.2 -08.0004 24214.4
 19 03 2015  15 57  -17.4509 23978.8 -03370.4 -08.0009 24214.5
 19 03 2015  15 58  -17.4506 23979.0 -03370.6 -08.0014 24214.8
 19 03 2015  15 59  -17.4496 23979.4 -03371.2 -08.0025 24215.2
 19 03 2015  16 00  -17.4487 23980.4 -03371.0 -08.0017 24216.2
 19 03 2015  16 01  -17.4480 23981.4 -03370.6 -08.0005 24217.2
 19 03 2015  16 02  -17.4480 23981.5 -03370.5 -08.0002 24217.2
 19 03 2015  16 03  -17.4484 23980.8 -03371.2 -08.0022 24216.7
 19 03 2015  16 04  -17.4488 23979.9 -03371.9 -08.0041 24215.8
 19 03 2015  16 05  -17.4492 23979.3 -03372.6 -08.0058 24215.3
 19 03 2015  16 06  -17.4496 23978.8 -03373.0 -08.0071 24214.9
 19 03 2015  16 07  -17.4496 23979.6 -03373.1 -08.0069 24215.6
 19 03 2015  16 08  -17.4497 23980.4 -03373.0 -08.0064 24216.4
 19 03 2015  16 09  -17.4495 23981.3 -03372.5 -08.0051 24217.3
 19 03 2015  16 10  -17.4498 23981.3 -03372.8 -08.0058 24217.3
 19 03 2015  16 11  -17.4497 23981.9 -03372.8 -08.0055 24217.9
 19 03 2015  16 12  -17.4498 23982.2 -03372.8 -08.0054 24218.2
 19 03 2015  16 13  -17.4506 23980.9 -03373.2 -08.0069 24217.0
 19 03 2015  16 14  -17.4509 23980.8 -03373.9 -08.0084 24217.0
 19 03 2015  16 15  -17.4508 23981.1 -03373.6 -08.0076 24217.3
 19 03 2015  16 16  -17.4504 23981.8 -03373.1 -08.0062 24217.8
 19 03 2015  16 17  -17.4505 23982.1 -03373.4 -08.0068 24218.2
 19 03 2015  16 18  -17.4508 23982.2 -03374.0 -08.0081 24218.4
 19 03 2015  16 19  -17.4511 23982.0 -03373.6 -08.0073 24218.1
 19 03 2015  16 20  -17.4511 23982.6 -03373.6 -08.0071 24218.7
 19 03 2015  16 21  -17.4514 23983.0 -03373.2 -08.0062 24219.1
 19 03 2015  16 22  -17.4514 23983.5 -03373.5 -08.0067 24219.6
 19 03 2015  16 23  -17.4508 23983.9 -03373.0 -08.0054 24220.0
 19 03 2015  16 24  -17.4512 23983.4 -03373.0 -08.0054 24219.4
 19 03 2015  16 25  -17.4519 23983.6 -03374.1 -08.0081 24219.8
 19 03 2015  16 26  -17.4525 23983.7 -03373.3 -08.0060 24219.8
 19 03 2015  16 27  -17.4536 23983.2 -03374.0 -08.0080 24219.4
 19 03 2015  16 28  -17.4541 23982.8 -03373.0 -08.0057 24218.8
 19 03 2015  16 29  -17.4544 23983.2 -03373.9 -08.0078 24219.4
 19 03 2015  16 30  -17.4538 23984.2 -03373.1 -08.0054 24220.2
 19 03 2015  16 31  -17.4536 23985.0 -03372.7 -08.0043 24220.9
 19 03 2015  16 32  -17.4537 23985.7 -03372.5 -08.0037 24221.6
 19 03 2015  16 33  -17.4548 23985.2 -03373.3 -08.0056 24221.2
 19 03 2015  16 34  -17.4554 23985.7 -03373.4 -08.0056 24221.7
 19 03 2015  16 35  -17.4564 23985.8 -03373.3 -08.0054 24221.8
 19 03 2015  16 36  -17.4574 23985.1 -03372.6 -08.0041 24221.1
 19 03 2015  16 37  -17.4582 23984.9 -03373.2 -08.0055 24221.0
 19 03 2015  16 38  -17.4583 23984.8 -03373.6 -08.0065 24220.9
 19 03 2015  16 39  -17.4590 23983.7 -03374.0 -08.0078 24219.9
 19 03 2015  16 40  -17.4600 23983.2 -03374.2 -08.0084 24219.4
 19 03 2015  16 41  -17.4611 23982.6 -03374.4 -08.0090 24218.8
 19 03 2015  16 42  -17.4616 23982.6 -03374.5 -08.0092 24218.8
 19 03 2015  16 43  -17.4614 23983.4 -03374.1 -08.0082 24219.6
 19 03 2015  16 44  -17.4619 23983.8 -03374.0 -08.0076 24220.0
 19 03 2015  16 45  -17.4622 23983.9 -03374.0 -08.0076 24220.1
 19 03 2015  16 46  -17.4630 23983.8 -03374.1 -08.0080 24219.9
 19 03 2015  16 47  -17.4640 23982.8 -03374.5 -08.0093 24219.1
 19 03 2015  16 48  -17.4653 23981.9 -03375.0 -08.0107 24218.2
 19 03 2015  16 49  -17.4662 23981.4 -03375.3 -08.0116 24217.8
 19 03 2015  16 50  -17.4665 23981.3 -03375.4 -08.0117 24217.7
 19 03 2015  16 51  -17.4668 23981.4 -03375.4 -08.0119 24217.8
 19 03 2015  16 52  -17.4670 23981.1 -03375.6 -08.0122 24217.5
 19 03 2015  16 53  -17.4670 23981.0 -03375.7 -08.0127 24217.4
 19 03 2015  16 54  -17.4673 23981.0 -03375.6 -08.0123 24217.5
 19 03 2015  16 55  -17.4677 23981.9 -03375.4 -08.0116 24218.3
 19 03 2015  16 56  -17.4680 23983.3 -03374.6 -08.0093 24219.6
 19 03 2015  16 57  -17.4693 23983.2 -03374.6 -08.0092 24219.5
 19 03 2015  16 58  -17.4707 23982.9 -03374.8 -08.0100 24219.2
 19 03 2015  16 59  -17.4720 23984.7 -03374.6 -08.0089 24221.0
 19 03 2015  17 00  -17.4735 23986.0 -03374.0 -08.0069 24222.1
 19 03 2015  17 01  -17.4731 23988.3 -03373.1 -08.0041 24224.3
 19 03 2015  17 02  -17.4740 23989.4 -03372.6 -08.0026 24225.3
 19 03 2015  17 03  -17.4746 23990.9 -03372.2 -08.0012 24226.7
 19 03 2015  17 04  -17.4737 23992.7 -03371.1 -07.9979 24228.4
 19 03 2015  17 05  -17.4725 23994.7 -03370.0 -07.9948 24230.2
 19 03 2015  17 06  -17.4718 23993.8 -03370.2 -07.9955 24229.3
 19 03 2015  17 07  -17.4723 23991.5 -03371.3 -07.9988 24227.3
 19 03 2015  17 08  -17.4740 23990.0 -03372.4 -08.0020 24225.9
 19 03 2015  17 09  -17.4750 23989.2 -03372.9 -08.0034 24225.1
 19 03 2015  17 10  -17.4753 23988.4 -03373.2 -08.0043 24224.4
 19 03 2015  17 11  -17.4763 23988.0 -03373.9 -08.0061 24224.1
 19 03 2015  17 12  -17.4777 23987.6 -03374.1 -08.0067 24223.8
 19 03 2015  17 13  -17.4798 23986.6 -03374.5 -08.0080 24222.8
 19 03 2015  17 14  -17.4819 23985.1 -03375.2 -08.0100 24221.4
 19 03 2015  17 15  -17.4838 23983.6 -03375.9 -08.0122 24220.1
 19 03 2015  17 16  -17.4853 23983.3 -03376.0 -08.0126 24219.8
 19 03 2015  17 17  -17.4867 23983.9 -03375.6 -08.0114 24220.3
 19 03 2015  17 18  -17.4879 23984.8 -03375.1 -08.0100 24221.1
 19 03 2015  17 19  -17.4889 23985.9 -03374.6 -08.0084 24222.2
 19 03 2015  17 20  -17.4894 23987.1 -03373.8 -08.0062 24223.2
 19 03 2015  17 21  -17.4894 23988.7 -03373.0 -08.0038 24224.7
 19 03 2015  17 22  -17.4897 23991.2 -03371.9 -08.0003 24227.0
 19 03 2015  17 23  -17.4902 23993.4 -03370.6 -07.9965 24229.0
 19 03 2015  17 24  -17.4908 23994.0 -03370.1 -07.9953 24229.5
 19 03 2015  17 25  -17.4933 23994.5 -03369.4 -07.9934 24229.9
 19 03 2015  17 26  -17.4949 23995.0 -03368.9 -07.9920 24230.4
 19 03 2015  17 27  -17.4943 23995.8 -03368.4 -07.9906 24231.1
 19 03 2015  17 28  -17.4930 23996.2 -03367.7 -07.9889 24231.4
 19 03 2015  17 29  -17.4926 23996.0 -03368.0 -07.9897 24231.2
 19 03 2015  17 30  -17.4928 23996.0 -03368.0 -07.9897 24231.2
 19 03 2015  17 31  -17.4933 23996.0 -03368.2 -07.9900 24231.2
 19 03 2015  17 32  -17.4937 23995.6 -03368.1 -07.9899 24230.8
 19 03 2015  17 33  -17.4936 23995.2 -03368.3 -07.9906 24230.5
 19 03 2015  17 34  -17.4940 23995.3 -03368.5 -07.9910 24230.6
 19 03 2015  17 35  -17.4947 23995.8 -03368.2 -07.9903 24231.1
 19 03 2015  17 36  -17.4943 23995.9 -03368.2 -07.9901 24231.1
 19 03 2015  17 37  -17.4948 23995.8 -03368.2 -07.9902 24231.1
 19 03 2015  17 38  -17.4967 23995.3 -03368.5 -07.9910 24230.6
 19 03 2015  17 39  -17.4995 23995.0 -03368.7 -07.9916 24230.3
 19 03 2015  17 40  -17.5001 23994.1 -03369.3 -07.9933 24229.5
 19 03 2015  17 41  -17.5008 23993.3 -03369.9 -07.9951 24228.8
 19 03 2015  17 42  -17.5016 23992.5 -03370.5 -07.9967 24228.1
 19 03 2015  17 43  -17.5025 23992.1 -03371.0 -07.9979 24227.8
 19 03 2015  17 44  -17.5039 23991.7 -03371.2 -07.9986 24227.4
 19 03 2015  17 45  -17.5058 23991.1 -03371.6 -07.9997 24226.9
 19 03 2015  17 46  -17.5077 23990.4 -03372.1 -08.0010 24226.2
 19 03 2015  17 47  -17.5095 23989.4 -03372.5 -08.0023 24225.3
 19 03 2015  17 48  -17.5116 23987.9 -03373.5 -08.0053 24224.0
 19 03 2015  17 49  -17.5131 23987.0 -03374.0 -08.0068 24223.2
 19 03 2015  17 50  -17.5142 23986.8 -03374.5 -08.0078 24223.0
 19 03 2015  17 51  -17.5150 23986.5 -03374.6 -08.0083 24222.7
 19 03 2015  17 52  -17.5172 23986.0 -03374.6 -08.0083 24222.2
 19 03 2015  17 53  -17.5194 23985.5 -03374.8 -08.0091 24221.8
 19 03 2015  17 54  -17.5218 23984.5 -03375.1 -08.0101 24220.8
 19 03 2015  17 55  -17.5232 23983.7 -03375.3 -08.0108 24220.1
 19 03 2015  17 56  -17.5240 23983.3 -03376.0 -08.0126 24219.7
 19 03 2015  17 57  -17.5236 23984.0 -03375.3 -08.0108 24220.3
 19 03 2015  17 58  -17.5237 23985.0 -03375.1 -08.0100 24221.3
 19 03 2015  17 59  -17.5247 23986.5 -03374.2 -08.0072 24222.7
 19 03 2015  18 00  -17.5256 23987.5 -03372.9 -08.0039 24223.5
 19 03 2015  18 01  -17.5256 23987.7 -03372.9 -08.0038 24223.7
 19 03 2015  18 02  -17.5264 23988.1 -03372.9 -08.0037 24224.0
 19 03 2015  18 03  -17.5274 23989.8 -03372.3 -08.0017 24225.7
 19 03 2015  18 04  -17.5299 23991.7 -03371.0 -07.9981 24227.3
 19 03 2015  18 05  -17.5313 23992.0 -03370.5 -07.9969 24227.6
 19 03 2015  18 06  -17.5314 23992.1 -03370.0 -07.9955 24227.6
 19 03 2015  18 07  -17.5322 23992.1 -03369.8 -07.9951 24227.6
 19 03 2015  18 08  -17.5326 23990.4 -03370.0 -07.9962 24226.0
 19 03 2015  18 09  -17.5321 23990.2 -03370.0 -07.9962 24225.8
 19 03 2015  18 10  -17.5308 23991.6 -03368.9 -07.9932 24227.0
 19 03 2015  18 11  -17.5289 23994.0 -03367.5 -07.9890 24229.1
 19 03 2015  18 12  -17.5286 23995.6 -03366.1 -07.9853 24230.6
 19 03 2015  18 13  -17.5300 23995.7 -03365.9 -07.9849 24230.6
 19 03 2015  18 14  -17.5302 23994.8 -03366.2 -07.9858 24229.7
 19 03 2015  18 15  -17.5304 23994.1 -03366.4 -07.9865 24229.1
 19 03 2015  18 16  -17.5313 23994.2 -03366.1 -07.9858 24229.2
 19 03 2015  18 17  -17.5318 23994.0 -03366.1 -07.9858 24228.9
 19 03 2015  18 18  -17.5330 23993.8 -03365.9 -07.9854 24228.7
 19 03 2015  18 19  -17.5339 23993.1 -03365.9 -07.9856 24228.1
 19 03 2015  18 20  -17.5349 23992.8 -03365.9 -07.9859 24227.8
 19 03 2015  18 21  -17.5362 23991.9 -03366.1 -07.9867 24226.9
 19 03 2015  18 22  -17.5377 23991.5 -03366.4 -07.9874 24226.5
 19 03 2015  18 23  -17.5399 23991.1 -03366.4 -07.9876 24226.2
 19 03 2015  18 24  -17.5410 23990.5 -03366.5 -07.9881 24225.5
 19 03 2015  18 25  -17.5414 23988.4 -03367.2 -07.9903 24223.6
 19 03 2015  18 26  -17.5432 23988.1 -03367.1 -07.9901 24223.3
 19 03 2015  18 27  -17.5439 23987.8 -03366.9 -07.9898 24222.9
 19 03 2015  18 28  -17.5446 23987.7 -03366.4 -07.9885 24222.8
 19 03 2015  18 29  -17.5454 23987.2 -03366.2 -07.9882 24222.2
 19 03 2015  18 30  -17.5454 23987.0 -03365.7 -07.9872 24222.0
 19 03 2015  18 31  -17.5453 23986.5 -03365.6 -07.9871 24221.5
 19 03 2015  18 32  -17.5460 23985.6 -03365.7 -07.9877 24220.6
 19 03 2015  18 33  -17.5455 23988.2 -03365.0 -07.9851 24223.1
 19 03 2015  18 34  -17.5479 23990.1 -03363.8 -07.9818 24224.8
 19 03 2015  18 35  -17.5477 23990.0 -03363.5 -07.9811 24224.6
 19 03 2015  18 36  -17.5458 23988.5 -03364.0 -07.9826 24223.2
 19 03 2015  18 37  -17.5438 23988.5 -03363.4 -07.9812 24223.2
 19 03 2015  18 38  -17.5436 23987.0 -03363.3 -07.9816 24221.7
 19 03 2015  18 39  -17.5442 23986.9 -03362.9 -07.9807 24221.5
 19 03 2015  18 40  -17.5432 23987.1 -03362.4 -07.9794 24221.6
 19 03 2015  18 41  -17.5415 23986.0 -03362.5 -07.9801 24220.5
 19 03 2015  18 42  -17.5409 23984.8 -03362.9 -07.9814 24219.4
 19 03 2015  18 43  -17.5413 23984.6 -03362.7 -07.9810 24219.2
 19 03 2015  18 44  -17.5422 23985.5 -03362.2 -07.9795 24220.0
 19 03 2015  18 45  -17.5434 23985.9 -03362.0 -07.9788 24220.3
 19 03 2015  18 46  -17.5447 23985.4 -03362.1 -07.9794 24219.9
 19 03 2015  18 47  -17.5460 23983.8 -03362.7 -07.9812 24218.4
 19 03 2015  18 48  -17.5458 23982.8 -03362.3 -07.9807 24217.4
 19 03 2015  18 49  -17.5451 23983.2 -03361.8 -07.9794 24217.6
 19 03 2015  18 50  -17.5458 23981.5 -03362.1 -07.9806 24216.0
 19 03 2015  18 51  -17.5455 23981.1 -03362.5 -07.9817 24215.7
 19 03 2015  18 52  -17.5449 23980.6 -03362.1 -07.9810 24215.1
 19 03 2015  18 53  -17.5456 23980.9 -03362.0 -07.9805 24215.4
 19 03 2015  18 54  -17.5465 23980.7 -03361.2 -07.9788 24215.1
 19 03 2015  18 55  -17.5480 23979.7 -03361.3 -07.9793 24214.1
 19 03 2015  18 56  -17.5488 23979.1 -03361.4 -07.9798 24213.5
 19 03 2015  18 57  -17.5489 23979.3 -03360.8 -07.9783 24213.7
 19 03 2015  18 58  -17.5489 23979.0 -03360.8 -07.9783 24213.3
 19 03 2015  18 59  -17.5482 23977.7 -03361.3 -07.9799 24212.2
 19 03 2015  19 00  -17.5477 23977.8 -03361.1 -07.9794 24212.2
 19 03 2015  19 01  -17.5474 23978.7 -03360.2 -07.9770 24213.0
 19 03 2015  19 02  -17.5469 23979.2 -03359.8 -07.9760 24213.4
 19 03 2015  19 03  -17.5450 23980.6 -03359.2 -07.9741 24214.7
 19 03 2015  19 04  -17.5433 23981.8 -03358.4 -07.9719 24215.8
 19 03 2015  19 05  -17.5412 23982.7 -03357.6 -07.9697 24216.6
 19 03 2015  19 06  -17.5407 23980.5 -03358.0 -07.9713 24214.5
 19 03 2015  19 07  -17.5414 23977.2 -03359.0 -07.9748 24211.4
 19 03 2015  19 08  -17.5415 23977.9 -03359.1 -07.9747 24212.0
 19 03 2015  19 09  -17.5393 23982.6 -03357.1 -07.9684 24216.4
 19 03 2015  19 10  -17.5372 23984.4 -03355.9 -07.9651 24218.1
 19 03 2015  19 11  -17.5384 23981.0 -03357.2 -07.9693 24214.9
 19 03 2015  19 12  -17.5398 23978.3 -03358.3 -07.9727 24212.3
 19 03 2015  19 13  -17.5384 23979.2 -03357.9 -07.9715 24213.1
 19 03 2015  19 14  -17.5340 23980.4 -03357.0 -07.9689 24214.2
 19 03 2015  19 15  -17.5316 23980.6 -03356.8 -07.9684 24214.4
 19 03 2015  19 16  -17.5320 23979.4 -03357.1 -07.9694 24213.3
 19 03 2015  19 17  -17.5319 23978.8 -03357.4 -07.9705 24212.7
 19 03 2015  19 18  -17.5320 23978.8 -03357.4 -07.9706 24212.7
 19 03 2015  19 19  -17.5318 23978.5 -03357.5 -07.9708 24212.4
 19 03 2015  19 20  -17.5320 23978.5 -03357.3 -07.9702 24212.4
 19 03 2015  19 21  -17.5329 23977.4 -03357.6 -07.9713 24211.4
 19 03 2015  19 22  -17.5329 23976.7 -03357.8 -07.9720 24210.6
 19 03 2015  19 23  -17.5328 23976.6 -03357.6 -07.9716 24210.5
 19 03 2015  19 24  -17.5326 23975.5 -03357.8 -07.9725 24209.5
 19 03 2015  19 25  -17.5314 23974.9 -03357.9 -07.9729 24208.9
 19 03 2015  19 26  -17.5303 23976.2 -03357.2 -07.9708 24210.1
 19 03 2015  19 27  -17.5294 23976.4 -03356.8 -07.9699 24210.3
 19 03 2015  19 28  -17.5287 23977.0 -03356.6 -07.9693 24210.8
 19 03 2015  19 29  -17.5283 23975.9 -03357.0 -07.9705 24209.8
 19 03 2015  19 30  -17.5276 23975.1 -03357.3 -07.9715 24209.0
 19 03 2015  19 31  -17.5266 23975.1 -03357.2 -07.9712 24209.0
 19 03 2015  19 32  -17.5259 23975.3 -03357.0 -07.9707 24209.2
 19 03 2015  19 33  -17.5258 23975.6 -03356.8 -07.9702 24209.4
 19 03 2015  19 34  -17.5260 23975.8 -03356.8 -07.9700 24209.6
 19 03 2015  19 35  -17.5267 23975.2 -03356.9 -07.9706 24209.0
 19 03 2015  19 36  -17.5268 23975.9 -03356.5 -07.9694 24209.8
 19 03 2015  19 37  -17.5274 23975.3 -03356.3 -07.9690 24209.1
 19 03 2015  19 38  -17.5273 23974.4 -03356.4 -07.9695 24208.2
 19 03 2015  19 39  -17.5266 23973.1 -03356.5 -07.9701 24206.9
 19 03 2015  19 40  -17.5264 23972.6 -03356.3 -07.9700 24206.4
 19 03 2015  19 41  -17.5265 23972.4 -03355.9 -07.9691 24206.2
 19 03 2015  19 42  -17.5272 23971.2 -03356.1 -07.9700 24205.0
 19 03 2015  19 43  -17.5278 23970.1 -03356.3 -07.9706 24203.9
 19 03 2015  19 44  -17.5287 23968.8 -03356.9 -07.9726 24202.7
 19 03 2015  19 45  -17.5289 23968.2 -03357.0 -07.9731 24202.2
 19 03 2015  19 46  -17.5285 23968.4 -03357.0 -07.9729 24202.4
 19 03 2015  19 47  -17.5287 23968.4 -03356.7 -07.9723 24202.3
 19 03 2015  19 48  -17.5293 23968.4 -03356.6 -07.9720 24202.3
 19 03 2015  19 49  -17.5301 23967.7 -03357.0 -07.9733 24201.7
 19 03 2015  19 50  -17.5302 23966.8 -03357.4 -07.9743 24200.9
 19 03 2015  19 51  -17.5295 23966.7 -03357.5 -07.9748 24200.7
 19 03 2015  19 52  -17.5280 23967.4 -03357.3 -07.9740 24201.4
 19 03 2015  19 53  -17.5274 23968.0 -03357.0 -07.9731 24201.9
 19 03 2015  19 54  -17.5281 23967.7 -03357.2 -07.9736 24201.6
 19 03 2015  19 55  -17.5292 23966.7 -03357.7 -07.9751 24200.7
 19 03 2015  19 56  -17.5298 23965.6 -03358.2 -07.9766 24199.8
 19 03 2015  19 57  -17.5308 23964.2 -03358.8 -07.9786 24198.4
 19 03 2015  19 58  -17.5311 23963.5 -03359.2 -07.9798 24197.8
 19 03 2015  19 59  -17.5308 23963.9 -03358.9 -07.9790 24198.2
 19 03 2015  20 00  -17.5305 23964.0 -03359.0 -07.9791 24198.3
 19 03 2015  20 01  -17.5305 23963.8 -03358.9 -07.9788 24198.1
 19 03 2015  20 02  -17.5301 23963.5 -03359.1 -07.9794 24197.8
 19 03 2015  20 03  -17.5294 23963.7 -03359.1 -07.9793 24197.9
 19 03 2015  20 04  -17.5291 23963.7 -03359.4 -07.9800 24198.1
 19 03 2015  20 05  -17.5287 23963.9 -03359.1 -07.9793 24198.2
 19 03 2015  20 06  -17.5285 23964.4 -03358.9 -07.9788 24198.6
 19 03 2015  20 07  -17.5279 23964.5 -03358.9 -07.9786 24198.8
 19 03 2015  20 08  -17.5276 23965.1 -03358.7 -07.9780 24199.3
 19 03 2015  20 09  -17.5275 23965.7 -03358.5 -07.9772 24199.9
 19 03 2015  20 10  -17.5274 23966.0 -03358.4 -07.9769 24200.1
 19 03 2015  20 11  -17.5274 23966.2 -03358.3 -07.9768 24200.3
 19 03 2015  20 12  -17.5276 23966.2 -03358.4 -07.9770 24200.4
 19 03 2015  20 13  -17.5277 23966.6 -03358.2 -07.9763 24200.7
 19 03 2015  20 14  -17.5275 23967.2 -03357.8 -07.9753 24201.2
 19 03 2015  20 15  -17.5279 23966.8 -03357.9 -07.9757 24200.9
 19 03 2015  20 16  -17.5284 23966.7 -03357.8 -07.9754 24200.8
 19 03 2015  20 17  -17.5291 23966.6 -03357.8 -07.9755 24200.6
 19 03 2015  20 18  -17.5292 23967.0 -03357.4 -07.9744 24201.0
 19 03 2015  20 19  -17.5296 23967.4 -03357.2 -07.9737 24201.4
 19 03 2015  20 20  -17.5302 23967.7 -03357.0 -07.9731 24201.7
 19 03 2015  20 21  -17.5305 23967.9 -03356.8 -07.9726 24201.9
 19 03 2015  20 22  -17.5310 23968.0 -03356.7 -07.9723 24201.9
 19 03 2015  20 23  -17.5312 23967.7 -03356.7 -07.9724 24201.6
 19 03 2015  20 24  -17.5312 23967.2 -03356.7 -07.9726 24201.1
 19 03 2015  20 25  -17.5315 23966.9 -03356.7 -07.9726 24200.8
 19 03 2015  20 26  -17.5318 23966.5 -03356.5 -07.9724 24200.4
 19 03 2015  20 27  -17.5318 23966.2 -03356.4 -07.9723 24200.1
 19 03 2015  20 28  -17.5316 23966.0 -03356.5 -07.9725 24199.9
 19 03 2015  20 29  -17.5309 23965.3 -03356.4 -07.9725 24199.2
 19 03 2015  20 30  -17.5302 23964.2 -03356.7 -07.9735 24198.1
 19 03 2015  20 31  -17.5301 23963.6 -03356.5 -07.9734 24197.5
 19 03 2015  20 32  -17.5301 23963.2 -03356.5 -07.9734 24197.2
 19 03 2015  20 33  -17.5302 23962.9 -03356.4 -07.9733 24196.8
 19 03 2015  20 34  -17.5303 23962.5 -03356.4 -07.9735 24196.5
 19 03 2015  20 35  -17.5301 23962.5 -03356.3 -07.9732 24196.4
 19 03 2015  20 36  -17.5300 23962.5 -03356.1 -07.9727 24196.3
 19 03 2015  20 37  -17.5300 23962.5 -03355.9 -07.9723 24196.3
 19 03 2015  20 38  -17.5302 23962.7 -03355.7 -07.9718 24196.6
 19 03 2015  20 39  -17.5302 23962.8 -03355.6 -07.9714 24196.6
 19 03 2015  20 40  -17.5298 23963.0 -03355.4 -07.9710 24196.8
 19 03 2015  20 41  -17.5295 23962.8 -03355.5 -07.9713 24196.6
 19 03 2015  20 42  -17.5292 23962.3 -03355.7 -07.9718 24196.1
 19 03 2015  20 43  -17.5290 23961.5 -03355.9 -07.9725 24195.4
 19 03 2015  20 44  -17.5286 23961.2 -03355.9 -07.9727 24195.1
 19 03 2015  20 45  -17.5283 23961.4 -03355.7 -07.9721 24195.2
 19 03 2015  20 46  -17.5284 23961.1 -03355.8 -07.9725 24195.0
 19 03 2015  20 47  -17.5278 23960.6 -03355.9 -07.9728 24194.4
 19 03 2015  20 48  -17.5270 23960.4 -03355.7 -07.9726 24194.2
 19 03 2015  20 49  -17.5262 23960.2 -03355.6 -07.9724 24194.0
 19 03 2015  20 50  -17.5257 23960.0 -03355.9 -07.9730 24193.9
 19 03 2015  20 51  -17.5249 23959.6 -03355.7 -07.9728 24193.5
 19 03 2015  20 52  -17.5244 23958.9 -03356.2 -07.9741 24192.9
 19 03 2015  20 53  -17.5241 23958.6 -03356.1 -07.9740 24192.5
 19 03 2015  20 54  -17.5239 23958.3 -03356.2 -07.9743 24192.3
 19 03 2015  20 55  -17.5238 23958.8 -03356.1 -07.9739 24192.7
 19 03 2015  20 56  -17.5239 23958.7 -03356.0 -07.9737 24192.6
 19 03 2015  20 57  -17.5240 23958.6 -03355.9 -07.9735 24192.5
 19 03 2015  20 58  -17.5234 23958.5 -03355.6 -07.9730 24192.3
 19 03 2015  20 59  -17.5226 23958.3 -03355.8 -07.9735 24192.2
 19 03 2015  21 00  -17.5216 23958.5 -03355.5 -07.9727 24192.3
 19 03 2015  21 01  -17.5204 23959.0 -03355.5 -07.9725 24192.8
 19 03 2015  21 02  -17.5196 23959.2 -03355.1 -07.9715 24193.0
 19 03 2015  21 03  -17.5191 23958.9 -03355.3 -07.9721 24192.7
 19 03 2015  21 04  -17.5183 23959.1 -03355.6 -07.9728 24192.9
 19 03 2015  21 05  -17.5176 23959.5 -03355.1 -07.9714 24193.3
 19 03 2015  21 06  -17.5168 23960.0 -03355.3 -07.9717 24193.8
 19 03 2015  21 07  -17.5164 23960.5 -03355.1 -07.9712 24194.3
 19 03 2015  21 08  -17.5161 23961.2 -03354.7 -07.9700 24194.9
 19 03 2015  21 09  -17.5160 23961.3 -03355.1 -07.9707 24195.1
 19 03 2015  21 10  -17.5157 23961.3 -03355.1 -07.9709 24195.1
 19 03 2015  21 11  -17.5157 23961.2 -03355.2 -07.9711 24194.9
 19 03 2015  21 12  -17.5152 23961.1 -03355.0 -07.9707 24194.8
 19 03 2015  21 13  -17.5151 23961.2 -03355.1 -07.9708 24195.0
 19 03 2015  21 14  -17.5147 23962.0 -03354.9 -07.9701 24195.7
 19 03 2015  21 15  -17.5149 23961.8 -03354.9 -07.9703 24195.5
 19 03 2015  21 16  -17.5156 23961.1 -03355.2 -07.9711 24194.9
 19 03 2015  21 17  -17.5162 23960.1 -03355.5 -07.9722 24193.9
 19 03 2015  21 18  -17.5162 23959.7 -03355.6 -07.9724 24193.5
 19 03 2015  21 19  -17.5165 23958.2 -03355.8 -07.9734 24192.0
 19 03 2015  21 20  -17.5165 23956.5 -03356.2 -07.9751 24190.5
 19 03 2015  21 21  -17.5168 23955.9 -03356.1 -07.9749 24189.8
 19 03 2015  21 22  -17.5176 23955.9 -03355.9 -07.9745 24189.9
 19 03 2015  21 23  -17.5194 23955.9 -03355.9 -07.9745 24189.9
 19 03 2015  21 24  -17.5205 23956.0 -03356.0 -07.9746 24189.9
 19 03 2015  21 25  -17.5216 23955.2 -03356.3 -07.9757 24189.2
 19 03 2015  21 26  -17.5219 23955.9 -03356.3 -07.9754 24189.9
 19 03 2015  21 27  -17.5220 23957.2 -03356.0 -07.9742 24191.1
 19 03 2015  21 28  -17.5219 23958.6 -03355.8 -07.9734 24192.5
 19 03 2015  21 29  -17.5226 23960.1 -03355.6 -07.9724 24193.9
 19 03 2015  21 30  -17.5233 23960.8 -03355.9 -07.9727 24194.7
 19 03 2015  21 31  -17.5248 23959.9 -03356.3 -07.9740 24193.8
 19 03 2015  21 32  -17.5264 23957.8 -03357.1 -07.9766 24191.9
 19 03 2015  21 33  -17.5270 23957.0 -03357.2 -07.9771 24191.1
 19 03 2015  21 34  -17.5268 23958.0 -03356.8 -07.9758 24192.0
 19 03 2015  21 35  -17.5270 23959.0 -03356.4 -07.9746 24193.0
 19 03 2015  21 36  -17.5282 23958.5 -03356.8 -07.9758 24192.5
 19 03 2015  21 37  -17.5291 23958.1 -03357.1 -07.9765 24192.2
 19 03 2015  21 38  -17.5302 23957.4 -03357.4 -07.9775 24191.5
 19 03 2015  21 39  -17.5313 23956.6 -03357.7 -07.9785 24190.7
 19 03 2015  21 40  -17.5322 23956.0 -03357.8 -07.9789 24190.2
 19 03 2015  21 41  -17.5328 23955.8 -03358.0 -07.9794 24190.0
 19 03 2015  21 42  -17.5330 23955.9 -03357.9 -07.9791 24190.1
 19 03 2015  21 43  -17.5332 23955.9 -03358.0 -07.9793 24190.1
 19 03 2015  21 44  -17.5331 23955.9 -03357.7 -07.9787 24190.0
 19 03 2015  21 45  -17.5334 23955.6 -03358.0 -07.9794 24189.8
 19 03 2015  21 46  -17.5339 23955.2 -03358.2 -07.9801 24189.4
 19 03 2015  21 47  -17.5345 23954.7 -03358.5 -07.9809 24189.0
 19 03 2015  21 48  -17.5347 23954.7 -03358.3 -07.9806 24189.0
 19 03 2015  21 49  -17.5347 23955.2 -03357.9 -07.9794 24189.4
 19 03 2015  21 50  -17.5353 23955.4 -03358.0 -07.9796 24189.6
 19 03 2015  21 51  -17.5359 23955.0 -03358.3 -07.9805 24189.2
 19 03 2015  21 52  -17.5364 23954.8 -03358.3 -07.9805 24189.1
 19 03 2015  21 53  -17.5371 23954.5 -03358.5 -07.9811 24188.7
 19 03 2015  21 54  -17.5378 23954.1 -03359.0 -07.9823 24188.5
 19 03 2015  21 55  -17.5380 23953.8 -03359.0 -07.9824 24188.2
 19 03 2015  21 56  -17.5379 23954.4 -03359.1 -07.9824 24188.8
 19 03 2015  21 57  -17.5381 23955.4 -03358.7 -07.9813 24189.7
 19 03 2015  21 58  -17.5393 23955.5 -03358.6 -07.9809 24189.8
 19 03 2015  21 59  -17.5402 23956.1 -03359.1 -07.9819 24190.4
 19 03 2015  22 00  -17.5406 23957.9 -03358.6 -07.9802 24192.1
 19 03 2015  22 01  -17.5389 23960.1 -03358.2 -07.9785 24194.3
 19 03 2015  22 02  -17.5395 23960.6 -03358.7 -07.9796 24194.8
 19 03 2015  22 03  -17.5409 23959.0 -03359.9 -07.9829 24193.4
 19 03 2015  22 04  -17.5423 23957.4 -03360.8 -07.9855 24192.0
 19 03 2015  22 05  -17.5422 23957.9 -03360.3 -07.9842 24192.5
 19 03 2015  22 06  -17.5403 23960.3 -03359.3 -07.9809 24194.6
 19 03 2015  22 07  -17.5399 23961.2 -03359.4 -07.9810 24195.6
 19 03 2015  22 08  -17.5405 23961.3 -03360.1 -07.9825 24195.8
 19 03 2015  22 09  -17.5410 23961.1 -03360.6 -07.9837 24195.6
 19 03 2015  22 10  -17.5408 23961.7 -03360.0 -07.9822 24196.1
 19 03 2015  22 11  -17.5394 23963.4 -03360.4 -07.9826 24197.9
 19 03 2015  22 12  -17.5380 23965.0 -03360.1 -07.9813 24199.4
 19 03 2015  22 13  -17.5380 23965.4 -03360.5 -07.9820 24199.9
 19 03 2015  22 14  -17.5392 23964.8 -03360.6 -07.9825 24199.2
 19 03 2015  22 15  -17.5401 23964.4 -03361.0 -07.9836 24198.9
 19 03 2015  22 16  -17.5404 23964.2 -03360.6 -07.9828 24198.7
 19 03 2015  22 17  -17.5408 23964.2 -03360.9 -07.9835 24198.7
 19 03 2015  22 18  -17.5410 23964.1 -03360.7 -07.9831 24198.6
 19 03 2015  22 19  -17.5409 23964.3 -03360.8 -07.9833 24198.8
 19 03 2015  22 20  -17.5408 23964.5 -03361.4 -07.9845 24199.1
 19 03 2015  22 21  -17.5404 23964.7 -03360.7 -07.9828 24199.2
 19 03 2015  22 22  -17.5403 23964.7 -03361.8 -07.9853 24199.4
 19 03 2015  22 23  -17.5400 23964.4 -03360.8 -07.9831 24198.9
 19 03 2015  22 24  -17.5398 23964.1 -03361.2 -07.9842 24198.7
 19 03 2015  22 25  -17.5393 23963.8 -03360.2 -07.9820 24198.2
 19 03 2015  22 26  -17.5394 23963.4 -03361.3 -07.9848 24198.0
 19 03 2015  22 27  -17.5389 23963.0 -03359.8 -07.9813 24197.4
 19 03 2015  22 28  -17.5386 23963.0 -03361.5 -07.9853 24197.6
 19 03 2015  22 29  -17.5377 23963.1 -03361.5 -07.9853 24197.7
 19 03 2015  22 30  -17.5373 23962.8 -03361.2 -07.9846 24197.4
 19 03 2015  22 31  -17.5365 23962.5 -03360.3 -07.9826 24197.0
 19 03 2015  22 32  -17.5360 23962.2 -03360.7 -07.9836 24196.7
 19 03 2015  22 33  -17.5355 23961.9 -03360.4 -07.9831 24196.4
 19 03 2015  22 34  -17.5350 23961.6 -03359.7 -07.9816 24196.0
 19 03 2015  22 35  -17.5352 23961.2 -03361.0 -07.9846 24195.7
 19 03 2015  22 36  -17.5344 23961.6 -03360.7 -07.9839 24196.2
 19 03 2015  22 37  -17.5340 23961.8 -03360.6 -07.9836 24196.3
 19 03 2015  22 38  -17.5336 23962.8 -03360.2 -07.9822 24197.2
 19 03 2015  22 39  -17.5340 23963.2 -03360.3 -07.9823 24197.6
 19 03 2015  22 40  -17.5346 23962.9 -03360.5 -07.9829 24197.4
 19 03 2015  22 41  -17.5353 23961.7 -03361.2 -07.9850 24196.3
 19 03 2015  22 42  -17.5354 23960.8 -03361.1 -07.9851 24195.4
 19 03 2015  22 43  -17.5347 23961.5 -03360.9 -07.9844 24196.1
 19 03 2015  22 44  -17.5346 23961.3 -03361.5 -07.9857 24196.0
 19 03 2015  22 45  -17.5343 23960.7 -03361.4 -07.9858 24195.4
 19 03 2015  22 46  -17.5339 23960.9 -03361.1 -07.9850 24195.5
 19 03 2015  22 47  -17.5328 23961.9 -03360.0 -07.9822 24196.3
 19 03 2015  22 48  -17.5323 23961.8 -03360.4 -07.9832 24196.3
 19 03 2015  22 49  -17.5325 23961.2 -03361.6 -07.9861 24195.9
 19 03 2015  22 50  -17.5319 23961.2 -03361.9 -07.9867 24195.9
 19 03 2015  22 51  -17.5317 23960.4 -03361.5 -07.9862 24195.1
 19 03 2015  22 52  -17.5311 23960.1 -03360.9 -07.9849 24194.6
 19 03 2015  22 53  -17.5315 23959.1 -03362.7 -07.9894 24193.9
 19 03 2015  22 54  -17.5312 23958.4 -03362.0 -07.9879 24193.1
 19 03 2015  22 55  -17.5312 23957.7 -03361.8 -07.9877 24192.4
 19 03 2015  22 56  -17.5312 23957.2 -03362.4 -07.9892 24192.0
 19 03 2015  22 57  -17.5309 23957.2 -03362.8 -07.9903 24192.0
 19 03 2015  22 58  -17.5305 23957.0 -03362.6 -07.9898 24191.8
 19 03 2015  22 59  -17.5301 23956.6 -03362.1 -07.9888 24191.3
 19 03 2015  23 00  -17.5299 23956.1 -03362.4 -07.9895 24190.9
 19 03 2015  23 01  -17.5301 23955.3 -03362.7 -07.9907 24190.1
 19 03 2015  23 02  -17.5303 23954.6 -03362.3 -07.9900 24189.4
 19 03 2015  23 03  -17.5303 23954.4 -03362.8 -07.9911 24189.3
 19 03 2015  23 04  -17.5299 23954.4 -03362.5 -07.9904 24189.3
 19 03 2015  23 05  -17.5303 23953.9 -03362.8 -07.9913 24188.8
 19 03 2015  23 06  -17.5308 23952.8 -03362.8 -07.9917 24187.7
 19 03 2015  23 07  -17.5306 23951.9 -03363.3 -07.9931 24186.9
 19 03 2015  23 08  -17.5303 23950.9 -03362.6 -07.9919 24185.8
 19 03 2015  23 09  -17.5297 23949.8 -03361.9 -07.9905 24184.6
 19 03 2015  23 10  -17.5292 23949.7 -03362.5 -07.9921 24184.6
 19 03 2015  23 11  -17.5288 23949.4 -03362.0 -07.9910 24184.3
 19 03 2015  23 12  -17.5287 23949.0 -03362.0 -07.9910 24183.9
 19 03 2015  23 13  -17.5288 23948.9 -03363.2 -07.9939 24183.9
 19 03 2015  23 14  -17.5283 23948.6 -03362.6 -07.9926 24183.5
 19 03 2015  23 15  -17.5286 23948.1 -03363.1 -07.9938 24183.1
 19 03 2015  23 16  -17.5291 23947.5 -03362.4 -07.9925 24182.4
 19 03 2015  23 17  -17.5295 23947.1 -03363.7 -07.9957 24182.1
 19 03 2015  23 18  -17.5297 23946.6 -03363.6 -07.9955 24181.7
 19 03 2015  23 19  -17.5291 23946.3 -03362.7 -07.9937 24181.2
 19 03 2015  23 20  -17.5283 23945.9 -03362.3 -07.9927 24180.8
 19 03 2015  23 21  -17.5275 23945.8 -03363.3 -07.9952 24180.8
 19 03 2015  23 22  -17.5267 23945.6 -03362.2 -07.9927 24180.5
 19 03 2015  23 23  -17.5263 23945.6 -03362.2 -07.9926 24180.5
 19 03 2015  23 24  -17.5265 23945.5 -03361.7 -07.9915 24180.4
 19 03 2015  23 25  -17.5264 23945.4 -03362.8 -07.9942 24180.4
 19 03 2015  23 26  -17.5262 23944.9 -03361.4 -07.9910 24179.7
 19 03 2015  23 27  -17.5263 23944.6 -03361.6 -07.9916 24179.4
 19 03 2015  23 28  -17.5263 23944.2 -03362.1 -07.9928 24179.1
 19 03 2015  23 29  -17.5265 23943.9 -03362.3 -07.9933 24178.8
 19 03 2015  23 30  -17.5269 23943.8 -03362.5 -07.9939 24178.7
 19 03 2015  23 31  -17.5272 23943.5 -03362.3 -07.9935 24178.4
 19 03 2015  23 32  -17.5275 23943.0 -03362.2 -07.9936 24178.0
 19 03 2015  23 33  -17.5272 23942.6 -03362.3 -07.9940 24177.5
 19 03 2015  23 34  -17.5270 23942.0 -03362.4 -07.9944 24177.0
 19 03 2015  23 35  -17.5269 23941.5 -03362.3 -07.9943 24176.5
 19 03 2015  23 36  -17.5268 23941.4 -03362.2 -07.9940 24176.3
 19 03 2015  23 37  -17.5270 23941.1 -03362.4 -07.9945 24176.0
 19 03 2015  23 38  -17.5272 23941.2 -03362.3 -07.9943 24176.2
 19 03 2015  23 39  -17.5271 23941.3 -03362.4 -07.9945 24176.2
 19 03 2015  23 40  -17.5269 23941.2 -03362.4 -07.9945 24176.2
 19 03 2015  23 41  -17.5270 23941.0 -03362.5 -07.9950 24176.0
 19 03 2015  23 42  -17.5269 23940.8 -03362.3 -07.9946 24175.8
 19 03 2015  23 43  -17.5263 23940.5 -03362.4 -07.9948 24175.5
 19 03 2015  23 44  -17.5257 23940.2 -03362.5 -07.9950 24175.2
 19 03 2015  23 45  -17.5252 23940.1 -03362.2 -07.9944 24175.0
 19 03 2015  23 46  -17.5250 23940.0 -03362.1 -07.9942 24175.0
 19 03 2015  23 47  -17.5247 23940.1 -03362.0 -07.9940 24175.1
 19 03 2015  23 48  -17.5244 23940.2 -03362.0 -07.9938 24175.1
 19 03 2015  23 49  -17.5239 23940.1 -03362.0 -07.9939 24175.0
 19 03 2015  23 50  -17.5234 23940.0 -03361.9 -07.9938 24174.9
 19 03 2015  23 51  -17.5227 23940.1 -03361.8 -07.9934 24175.0
 19 03 2015  23 52  -17.5221 23940.4 -03361.6 -07.9929 24175.2
 19 03 2015  23 53  -17.5218 23940.4 -03361.6 -07.9928 24175.2
 19 03 2015  23 54  -17.5216 23940.8 -03361.5 -07.9925 24175.7
