ALTA FLORESTA MAGLISN-04 <075> 1 Min. Reported data

 DD MM YYYY  HH MM   D(Deg)  H(nT)   Z(nT)   I(Deg)   F(nT)

 16 03 2015  00 00  -17.4784 24013.7 -03360.2 -07.9656 24247.6
 16 03 2015  00 01  -17.4782 24013.9 -03360.2 -07.9654 24247.9
 16 03 2015  00 02  -17.4780 24014.2 -03360.2 -07.9655 24248.1
 16 03 2015  00 03  -17.4776 24014.6 -03360.4 -07.9658 24248.6
 16 03 2015  00 04  -17.4767 24015.8 -03360.2 -07.9650 24249.7
 16 03 2015  00 05  -17.4756 24017.0 -03359.7 -07.9633 24250.9
 16 03 2015  00 06  -17.4749 24017.9 -03359.7 -07.9629 24251.7
 16 03 2015  00 07  -17.4746 24018.3 -03359.8 -07.9631 24252.2
 16 03 2015  00 08  -17.4746 24018.3 -03360.0 -07.9636 24252.2
 16 03 2015  00 09  -17.4747 24018.2 -03360.4 -07.9645 24252.1
 16 03 2015  00 10  -17.4748 24018.0 -03360.3 -07.9644 24251.9
 16 03 2015  00 11  -17.4752 24017.6 -03360.5 -07.9650 24251.6
 16 03 2015  00 12  -17.4754 24017.2 -03360.5 -07.9652 24251.1
 16 03 2015  00 13  -17.4756 24016.8 -03361.0 -07.9664 24250.9
 16 03 2015  00 14  -17.4754 24016.7 -03360.7 -07.9658 24250.7
 16 03 2015  00 15  -17.4751 24016.9 -03360.4 -07.9651 24250.8
 16 03 2015  00 16  -17.4750 24017.0 -03360.5 -07.9651 24251.0
 16 03 2015  00 17  -17.4747 24017.0 -03360.3 -07.9648 24250.9
 16 03 2015  00 18  -17.4745 24017.1 -03360.3 -07.9646 24251.0
 16 03 2015  00 19  -17.4745 24017.1 -03360.5 -07.9652 24251.1
 16 03 2015  00 20  -17.4747 24016.9 -03360.5 -07.9653 24250.8
 16 03 2015  00 21  -17.4749 24016.5 -03360.7 -07.9658 24250.5
 16 03 2015  00 22  -17.4752 24016.2 -03360.6 -07.9657 24250.2
 16 03 2015  00 23  -17.4753 24016.1 -03360.6 -07.9658 24250.1
 16 03 2015  00 24  -17.4755 24016.0 -03360.4 -07.9652 24250.0
 16 03 2015  00 25  -17.4759 24015.7 -03360.7 -07.9660 24249.7
 16 03 2015  00 26  -17.4762 24015.2 -03360.7 -07.9663 24249.2
 16 03 2015  00 27  -17.4763 24014.9 -03360.8 -07.9666 24248.9
 16 03 2015  00 28  -17.4763 24014.6 -03360.7 -07.9664 24248.6
 16 03 2015  00 29  -17.4762 24014.5 -03360.6 -07.9663 24248.5
 16 03 2015  00 30  -17.4762 24014.5 -03360.6 -07.9663 24248.5
 16 03 2015  00 31  -17.4762 24014.2 -03360.6 -07.9663 24248.2
 16 03 2015  00 32  -17.4760 24013.8 -03360.8 -07.9670 24247.9
 16 03 2015  00 33  -17.4757 24013.7 -03360.6 -07.9665 24247.7
 16 03 2015  00 34  -17.4754 24013.7 -03360.4 -07.9661 24247.7
 16 03 2015  00 35  -17.4752 24013.7 -03360.5 -07.9663 24247.7
 16 03 2015  00 36  -17.4747 24013.9 -03360.4 -07.9660 24247.9
 16 03 2015  00 37  -17.4739 24014.5 -03360.2 -07.9653 24248.4
 16 03 2015  00 38  -17.4732 24015.1 -03360.1 -07.9648 24249.0
 16 03 2015  00 39  -17.4725 24015.7 -03360.1 -07.9646 24249.6
 16 03 2015  00 40  -17.4718 24016.5 -03360.0 -07.9643 24250.5
 16 03 2015  00 41  -17.4715 24016.9 -03360.1 -07.9642 24250.8
 16 03 2015  00 42  -17.4716 24016.9 -03360.3 -07.9648 24250.8
 16 03 2015  00 43  -17.4714 24017.0 -03360.5 -07.9652 24250.9
 16 03 2015  00 44  -17.4712 24017.0 -03360.5 -07.9651 24250.9
 16 03 2015  00 45  -17.4711 24016.8 -03360.2 -07.9646 24250.7
 16 03 2015  00 46  -17.4713 24016.4 -03360.6 -07.9657 24250.4
 16 03 2015  00 47  -17.4715 24015.9 -03360.6 -07.9657 24249.9
 16 03 2015  00 48  -17.4716 24015.4 -03360.7 -07.9662 24249.5
 16 03 2015  00 49  -17.4717 24015.0 -03360.8 -07.9666 24249.0
 16 03 2015  00 50  -17.4717 24014.7 -03360.6 -07.9662 24248.7
 16 03 2015  00 51  -17.4718 24014.4 -03360.5 -07.9661 24248.4
 16 03 2015  00 52  -17.4718 24014.2 -03360.7 -07.9666 24248.2
 16 03 2015  00 53  -17.4716 24014.2 -03360.3 -07.9656 24248.2
 16 03 2015  00 54  -17.4715 24014.3 -03360.4 -07.9659 24248.3
 16 03 2015  00 55  -17.4714 24014.5 -03360.3 -07.9655 24248.4
 16 03 2015  00 56  -17.4708 24015.0 -03360.4 -07.9656 24249.0
 16 03 2015  00 57  -17.4694 24016.5 -03359.7 -07.9636 24250.3
 16 03 2015  00 58  -17.4684 24017.8 -03359.5 -07.9627 24251.6
 16 03 2015  00 59  -17.4681 24018.7 -03359.5 -07.9624 24252.5
 16 03 2015  01 00  -17.4681 24019.1 -03359.9 -07.9632 24252.9
 16 03 2015  01 01  -17.4683 24019.1 -03360.2 -07.9637 24253.0
 16 03 2015  01 02  -17.4684 24018.8 -03360.2 -07.9638 24252.7
 16 03 2015  01 03  -17.4684 24018.6 -03360.2 -07.9641 24252.5
 16 03 2015  01 04  -17.4686 24018.2 -03360.5 -07.9649 24252.1
 16 03 2015  01 05  -17.4688 24017.6 -03360.4 -07.9648 24251.6
 16 03 2015  01 06  -17.4691 24017.2 -03360.6 -07.9653 24251.1
 16 03 2015  01 07  -17.4693 24016.7 -03360.9 -07.9661 24250.8
 16 03 2015  01 08  -17.4700 24015.9 -03361.0 -07.9667 24250.0
 16 03 2015  01 09  -17.4707 24014.8 -03360.7 -07.9665 24248.9
 16 03 2015  01 10  -17.4713 24013.9 -03360.7 -07.9667 24247.9
 16 03 2015  01 11  -17.4718 24013.2 -03361.1 -07.9678 24247.3
 16 03 2015  01 12  -17.4717 24012.9 -03360.7 -07.9669 24247.0
 16 03 2015  01 13  -17.4717 24012.8 -03360.6 -07.9668 24246.8
 16 03 2015  01 14  -17.4716 24012.9 -03360.5 -07.9666 24247.0
 16 03 2015  01 15  -17.4716 24013.2 -03360.5 -07.9664 24247.2
 16 03 2015  01 16  -17.4716 24013.5 -03360.4 -07.9660 24247.4
 16 03 2015  01 17  -17.4713 24014.0 -03360.3 -07.9657 24247.9
 16 03 2015  01 18  -17.4706 24014.9 -03360.0 -07.9647 24248.8
 16 03 2015  01 19  -17.4700 24016.0 -03359.7 -07.9637 24249.9
 16 03 2015  01 20  -17.4694 24016.9 -03359.7 -07.9634 24250.8
 16 03 2015  01 21  -17.4687 24017.7 -03359.6 -07.9628 24251.5
 16 03 2015  01 22  -17.4683 24018.1 -03359.8 -07.9633 24252.0
 16 03 2015  01 23  -17.4678 24018.4 -03359.7 -07.9629 24252.2
 16 03 2015  01 24  -17.4675 24018.5 -03359.7 -07.9629 24252.4
 16 03 2015  01 25  -17.4671 24018.6 -03359.8 -07.9631 24252.5
 16 03 2015  01 26  -17.4667 24018.5 -03360.0 -07.9634 24252.4
 16 03 2015  01 27  -17.4664 24018.3 -03359.9 -07.9634 24252.1
 16 03 2015  01 28  -17.4661 24018.0 -03360.0 -07.9638 24251.9
 16 03 2015  01 29  -17.4659 24017.7 -03360.0 -07.9637 24251.6
 16 03 2015  01 30  -17.4658 24017.4 -03360.1 -07.9642 24251.3
 16 03 2015  01 31  -17.4660 24016.9 -03360.2 -07.9644 24250.8
 16 03 2015  01 32  -17.4663 24016.4 -03360.2 -07.9647 24250.3
 16 03 2015  01 33  -17.4666 24015.9 -03360.2 -07.9650 24249.9
 16 03 2015  01 34  -17.4668 24015.6 -03360.3 -07.9651 24249.5
 16 03 2015  01 35  -17.4669 24015.4 -03360.2 -07.9650 24249.3
 16 03 2015  01 36  -17.4669 24015.2 -03360.1 -07.9649 24249.1
 16 03 2015  01 37  -17.4669 24015.3 -03360.2 -07.9651 24249.2
 16 03 2015  01 38  -17.4666 24015.6 -03360.2 -07.9650 24249.6
 16 03 2015  01 39  -17.4664 24016.0 -03360.0 -07.9645 24249.9
 16 03 2015  01 40  -17.4662 24016.4 -03360.0 -07.9642 24250.3
 16 03 2015  01 41  -17.4662 24016.5 -03360.1 -07.9645 24250.4
 16 03 2015  01 42  -17.4663 24016.5 -03360.2 -07.9647 24250.5
 16 03 2015  01 43  -17.4663 24016.6 -03360.2 -07.9647 24250.6
 16 03 2015  01 44  -17.4662 24016.8 -03360.0 -07.9640 24250.7
 16 03 2015  01 45  -17.4661 24017.1 -03360.0 -07.9640 24251.0
 16 03 2015  01 46  -17.4662 24017.2 -03360.1 -07.9641 24251.1
 16 03 2015  01 47  -17.4663 24017.3 -03360.5 -07.9651 24251.3
 16 03 2015  01 48  -17.4662 24017.4 -03360.4 -07.9649 24251.3
 16 03 2015  01 49  -17.4660 24017.4 -03360.1 -07.9641 24251.3
 16 03 2015  01 50  -17.4658 24017.4 -03359.9 -07.9637 24251.3
 16 03 2015  01 51  -17.4657 24017.3 -03360.0 -07.9638 24251.2
 16 03 2015  01 52  -17.4657 24017.2 -03360.3 -07.9645 24251.1
 16 03 2015  01 53  -17.4657 24017.2 -03360.1 -07.9643 24251.1
 16 03 2015  01 54  -17.4658 24017.3 -03360.1 -07.9642 24251.2
 16 03 2015  01 55  -17.4660 24017.3 -03360.1 -07.9642 24251.2
 16 03 2015  01 56  -17.4660 24017.4 -03360.3 -07.9645 24251.3
 16 03 2015  01 57  -17.4657 24017.5 -03360.0 -07.9639 24251.4
 16 03 2015  01 58  -17.4654 24017.8 -03360.2 -07.9641 24251.7
 16 03 2015  01 59  -17.4652 24018.1 -03359.9 -07.9634 24252.0
 16 03 2015  02 00  -17.4652 24018.4 -03360.1 -07.9638 24252.3
 16 03 2015  02 01  -17.4653 24018.5 -03360.1 -07.9637 24252.4
 16 03 2015  02 02  -17.4654 24018.5 -03360.4 -07.9645 24252.4
 16 03 2015  02 03  -17.4654 24018.4 -03360.5 -07.9647 24252.4
 16 03 2015  02 04  -17.4652 24018.4 -03360.5 -07.9647 24252.3
 16 03 2015  02 05  -17.4650 24018.4 -03360.4 -07.9644 24252.3
 16 03 2015  02 06  -17.4650 24018.4 -03360.4 -07.9645 24252.3
 16 03 2015  02 07  -17.4649 24018.6 -03360.4 -07.9644 24252.6
 16 03 2015  02 08  -17.4649 24019.0 -03360.2 -07.9638 24252.9
 16 03 2015  02 09  -17.4650 24019.5 -03360.2 -07.9638 24253.4
 16 03 2015  02 10  -17.4652 24019.8 -03360.2 -07.9637 24253.7
 16 03 2015  02 11  -17.4656 24019.6 -03360.5 -07.9643 24253.5
 16 03 2015  02 12  -17.4660 24019.1 -03360.6 -07.9647 24253.0
 16 03 2015  02 13  -17.4662 24018.8 -03360.7 -07.9652 24252.8
 16 03 2015  02 14  -17.4663 24018.7 -03360.7 -07.9652 24252.7
 16 03 2015  02 15  -17.4664 24018.7 -03360.8 -07.9652 24252.7
 16 03 2015  02 16  -17.4661 24019.2 -03360.6 -07.9648 24253.1
 16 03 2015  02 17  -17.4653 24020.1 -03360.4 -07.9640 24254.0
 16 03 2015  02 18  -17.4647 24021.0 -03360.4 -07.9636 24254.9
 16 03 2015  02 19  -17.4641 24021.9 -03360.1 -07.9625 24255.8
 16 03 2015  02 20  -17.4639 24022.5 -03360.2 -07.9627 24256.4
 16 03 2015  02 21  -17.4640 24022.4 -03360.5 -07.9633 24256.3
 16 03 2015  02 22  -17.4642 24021.9 -03360.7 -07.9640 24255.9
 16 03 2015  02 23  -17.4642 24021.9 -03360.8 -07.9642 24255.8
 16 03 2015  02 24  -17.4646 24021.5 -03360.9 -07.9647 24255.5
 16 03 2015  02 25  -17.4649 24021.3 -03361.0 -07.9649 24255.3
 16 03 2015  02 26  -17.4649 24021.3 -03360.8 -07.9644 24255.3
 16 03 2015  02 27  -17.4647 24021.2 -03360.8 -07.9645 24255.2
 16 03 2015  02 28  -17.4648 24021.2 -03361.1 -07.9653 24255.2
 16 03 2015  02 29  -17.4647 24021.2 -03360.8 -07.9645 24255.2
 16 03 2015  02 30  -17.4641 24021.6 -03360.8 -07.9645 24255.6
 16 03 2015  02 31  -17.4634 24022.2 -03360.8 -07.9641 24256.2
 16 03 2015  02 32  -17.4638 24022.1 -03361.0 -07.9647 24256.1
 16 03 2015  02 33  -17.4649 24021.1 -03361.2 -07.9656 24255.1
 16 03 2015  02 34  -17.4669 24018.9 -03361.7 -07.9674 24253.0
 16 03 2015  02 35  -17.4688 24016.1 -03362.4 -07.9700 24250.4
 16 03 2015  02 36  -17.4701 24014.1 -03362.4 -07.9707 24248.3
 16 03 2015  02 37  -17.4709 24012.6 -03362.3 -07.9708 24246.9
 16 03 2015  02 38  -17.4714 24011.9 -03362.1 -07.9706 24246.2
 16 03 2015  02 39  -17.4717 24011.7 -03361.9 -07.9703 24246.0
 16 03 2015  02 40  -17.4719 24011.6 -03361.7 -07.9698 24245.8
 16 03 2015  02 41  -17.4717 24011.8 -03361.6 -07.9695 24246.0
 16 03 2015  02 42  -17.4711 24012.2 -03361.4 -07.9688 24246.3
 16 03 2015  02 43  -17.4705 24012.7 -03361.2 -07.9683 24246.8
 16 03 2015  02 44  -17.4702 24013.0 -03361.3 -07.9684 24247.1
 16 03 2015  02 45  -17.4702 24012.9 -03361.4 -07.9685 24247.0
 16 03 2015  02 46  -17.4701 24012.9 -03361.1 -07.9679 24247.0
 16 03 2015  02 47  -17.4702 24013.0 -03361.3 -07.9684 24247.2
 16 03 2015  02 48  -17.4709 24012.8 -03361.4 -07.9688 24246.9
 16 03 2015  02 49  -17.4715 24012.4 -03361.5 -07.9690 24246.5
 16 03 2015  02 50  -17.4723 24011.6 -03361.5 -07.9694 24245.8
 16 03 2015  02 51  -17.4731 24010.8 -03361.8 -07.9702 24245.0
 16 03 2015  02 52  -17.4738 24010.0 -03361.8 -07.9706 24244.2
 16 03 2015  02 53  -17.4746 24009.3 -03361.9 -07.9709 24243.5
 16 03 2015  02 54  -17.4751 24009.1 -03361.7 -07.9706 24243.3
 16 03 2015  02 55  -17.4746 24009.6 -03361.4 -07.9697 24243.8
 16 03 2015  02 56  -17.4742 24010.5 -03361.2 -07.9690 24244.6
 16 03 2015  02 57  -17.4739 24011.5 -03360.9 -07.9680 24245.6
 16 03 2015  02 58  -17.4739 24012.0 -03360.9 -07.9679 24246.1
 16 03 2015  02 59  -17.4746 24011.7 -03361.2 -07.9685 24245.9
 16 03 2015  03 00  -17.4753 24011.5 -03361.1 -07.9685 24245.6
 16 03 2015  03 01  -17.4754 24011.4 -03361.3 -07.9688 24245.5
 16 03 2015  03 02  -17.4750 24011.1 -03361.1 -07.9685 24245.2
 16 03 2015  03 03  -17.4748 24010.8 -03361.1 -07.9687 24244.9
 16 03 2015  03 04  -17.4755 24010.2 -03361.3 -07.9693 24244.4
 16 03 2015  03 05  -17.4760 24009.6 -03361.3 -07.9696 24243.7
 16 03 2015  03 06  -17.4762 24008.9 -03361.4 -07.9699 24243.1
 16 03 2015  03 07  -17.4768 24008.1 -03361.5 -07.9705 24242.3
 16 03 2015  03 08  -17.4776 24007.5 -03361.6 -07.9710 24241.7
 16 03 2015  03 09  -17.4781 24007.0 -03361.5 -07.9709 24241.2
 16 03 2015  03 10  -17.4782 24006.3 -03361.7 -07.9716 24240.6
 16 03 2015  03 11  -17.4786 24005.5 -03361.9 -07.9722 24239.7
 16 03 2015  03 12  -17.4793 24004.3 -03361.9 -07.9725 24238.6
 16 03 2015  03 13  -17.4804 24003.0 -03362.2 -07.9738 24237.4
 16 03 2015  03 14  -17.4816 24001.9 -03362.0 -07.9737 24236.2
 16 03 2015  03 15  -17.4825 24001.2 -03362.4 -07.9747 24235.6
 16 03 2015  03 16  -17.4828 24001.0 -03361.9 -07.9737 24235.4
 16 03 2015  03 17  -17.4833 24001.0 -03361.8 -07.9735 24235.3
 16 03 2015  03 18  -17.4835 24001.3 -03361.6 -07.9729 24235.5
 16 03 2015  03 19  -17.4832 24001.6 -03361.6 -07.9728 24235.9
 16 03 2015  03 20  -17.4832 24001.6 -03361.8 -07.9733 24235.9
 16 03 2015  03 21  -17.4836 24001.5 -03361.7 -07.9730 24235.8
 16 03 2015  03 22  -17.4843 24001.2 -03361.7 -07.9731 24235.5
 16 03 2015  03 23  -17.4849 24000.9 -03361.8 -07.9736 24235.2
 16 03 2015  03 24  -17.4853 24000.7 -03362.1 -07.9744 24235.0
 16 03 2015  03 25  -17.4855 24000.8 -03362.1 -07.9743 24235.1
 16 03 2015  03 26  -17.4862 24000.9 -03362.1 -07.9742 24235.3
 16 03 2015  03 27  -17.4873 24000.6 -03362.4 -07.9751 24235.0
 16 03 2015  03 28  -17.4879 24000.1 -03362.5 -07.9754 24234.5
 16 03 2015  03 29  -17.4878 24000.0 -03362.4 -07.9753 24234.4
 16 03 2015  03 30  -17.4879 23999.8 -03362.4 -07.9754 24234.2
 16 03 2015  03 31  -17.4880 23999.6 -03362.6 -07.9758 24234.0
 16 03 2015  03 32  -17.4883 23999.4 -03362.7 -07.9762 24233.9
 16 03 2015  03 33  -17.4888 23999.2 -03362.6 -07.9760 24233.6
 16 03 2015  03 34  -17.4886 24000.2 -03362.2 -07.9747 24234.6
 16 03 2015  03 35  -17.4886 24000.3 -03362.4 -07.9750 24234.7
 16 03 2015  03 36  -17.4882 24001.4 -03362.1 -07.9739 24235.8
 16 03 2015  03 37  -17.4884 24002.2 -03362.1 -07.9737 24236.5
 16 03 2015  03 38  -17.4894 24001.7 -03362.4 -07.9748 24236.1
 16 03 2015  03 39  -17.4897 24002.0 -03362.4 -07.9745 24236.4
 16 03 2015  03 40  -17.4903 24001.9 -03362.6 -07.9751 24236.3
 16 03 2015  03 41  -17.4912 24001.6 -03362.9 -07.9758 24236.0
 16 03 2015  03 42  -17.4916 24001.2 -03362.7 -07.9756 24235.7
 16 03 2015  03 43  -17.4922 24000.3 -03362.9 -07.9762 24234.8
 16 03 2015  03 44  -17.4926 23999.7 -03362.9 -07.9765 24234.2
 16 03 2015  03 45  -17.4930 23999.3 -03363.0 -07.9768 24233.8
 16 03 2015  03 46  -17.4933 23999.4 -03363.0 -07.9769 24233.9
 16 03 2015  03 47  -17.4933 23999.6 -03362.8 -07.9762 24234.0
 16 03 2015  03 48  -17.4935 23999.7 -03362.7 -07.9760 24234.2
 16 03 2015  03 49  -17.4942 23999.8 -03362.6 -07.9758 24234.2
 16 03 2015  03 50  -17.4948 23999.7 -03362.7 -07.9761 24234.2
 16 03 2015  03 51  -17.4953 23999.6 -03362.9 -07.9766 24234.0
 16 03 2015  03 52  -17.4956 23999.6 -03362.8 -07.9763 24234.0
 16 03 2015  03 53  -17.4959 24000.1 -03362.6 -07.9758 24234.5
 16 03 2015  03 54  -17.4960 24000.7 -03362.3 -07.9748 24235.1
 16 03 2015  03 55  -17.4956 24001.7 -03362.1 -07.9740 24236.0
 16 03 2015  03 56  -17.4954 24002.5 -03362.1 -07.9737 24236.8
 16 03 2015  03 57  -17.4952 24003.3 -03362.0 -07.9732 24237.7
 16 03 2015  03 58  -17.4957 24003.3 -03362.2 -07.9736 24237.6
 16 03 2015  03 59  -17.4951 24004.1 -03362.0 -07.9729 24238.4
 16 03 2015  04 00  -17.4951 24004.1 -03362.1 -07.9732 24238.4
 16 03 2015  04 01  -17.4948 24005.3 -03361.7 -07.9719 24239.6
 16 03 2015  04 02  -17.4948 24005.4 -03362.1 -07.9728 24239.7
 16 03 2015  04 03  -17.4947 24005.3 -03362.0 -07.9725 24239.6
 16 03 2015  04 04  -17.4946 24006.1 -03361.9 -07.9721 24240.3
 16 03 2015  04 05  -17.4948 24006.0 -03361.9 -07.9721 24240.2
 16 03 2015  04 06  -17.4943 24005.7 -03361.8 -07.9720 24239.9
 16 03 2015  04 07  -17.4938 24005.4 -03361.9 -07.9723 24239.7
 16 03 2015  04 08  -17.4940 24005.1 -03361.9 -07.9724 24239.4
 16 03 2015  04 09  -17.4947 24004.8 -03362.2 -07.9732 24239.1
 16 03 2015  04 10  -17.4946 24004.9 -03362.2 -07.9731 24239.2
 16 03 2015  04 11  -17.4941 24005.2 -03362.1 -07.9729 24239.5
 16 03 2015  04 12  -17.4934 24005.9 -03361.5 -07.9712 24240.2
 16 03 2015  04 13  -17.4929 24006.5 -03361.5 -07.9709 24240.7
 16 03 2015  04 14  -17.4933 24006.2 -03361.7 -07.9714 24240.4
 16 03 2015  04 15  -17.4931 24006.5 -03361.8 -07.9716 24240.8
 16 03 2015  04 16  -17.4928 24006.3 -03361.7 -07.9716 24240.6
 16 03 2015  04 17  -17.4926 24006.6 -03361.6 -07.9712 24240.8
 16 03 2015  04 18  -17.4929 24006.6 -03361.7 -07.9715 24240.8
 16 03 2015  04 19  -17.4922 24007.3 -03361.4 -07.9705 24241.4
 16 03 2015  04 20  -17.4917 24007.8 -03361.4 -07.9703 24242.0
 16 03 2015  04 21  -17.4920 24007.6 -03361.9 -07.9715 24241.8
 16 03 2015  04 22  -17.4910 24008.9 -03361.3 -07.9698 24243.1
 16 03 2015  04 23  -17.4910 24008.6 -03361.7 -07.9708 24242.8
 16 03 2015  04 24  -17.4908 24009.0 -03361.5 -07.9702 24243.2
 16 03 2015  04 25  -17.4906 24009.5 -03361.3 -07.9696 24243.6
 16 03 2015  04 26  -17.4909 24009.5 -03361.4 -07.9699 24243.6
 16 03 2015  04 27  -17.4907 24009.8 -03361.4 -07.9697 24243.9
 16 03 2015  04 28  -17.4906 24009.4 -03361.5 -07.9699 24243.6
 16 03 2015  04 29  -17.4902 24010.0 -03361.2 -07.9692 24244.2
 16 03 2015  04 30  -17.4904 24009.5 -03361.5 -07.9701 24243.6
 16 03 2015  04 31  -17.4906 24009.3 -03361.5 -07.9700 24243.5
 16 03 2015  04 32  -17.4909 24008.6 -03361.5 -07.9703 24242.8
 16 03 2015  04 33  -17.4909 24008.1 -03361.6 -07.9706 24242.3
 16 03 2015  04 34  -17.4913 24007.9 -03361.5 -07.9706 24242.1
 16 03 2015  04 35  -17.4920 24007.5 -03362.1 -07.9722 24241.7
 16 03 2015  04 36  -17.4920 24008.0 -03362.0 -07.9717 24242.3
 16 03 2015  04 37  -17.4926 24007.5 -03361.4 -07.9703 24241.7
 16 03 2015  04 38  -17.4916 24009.4 -03361.3 -07.9695 24243.6
 16 03 2015  04 39  -17.4910 24010.6 -03361.0 -07.9685 24244.7
 16 03 2015  04 40  -17.4900 24012.2 -03360.1 -07.9658 24246.2
 16 03 2015  04 41  -17.4898 24013.9 -03360.0 -07.9651 24247.8
 16 03 2015  04 42  -17.4901 24014.8 -03360.3 -07.9653 24248.8
 16 03 2015  04 43  -17.4900 24015.2 -03360.7 -07.9663 24249.2
 16 03 2015  04 44  -17.4898 24015.6 -03360.9 -07.9666 24249.6
 16 03 2015  04 45  -17.4891 24016.9 -03360.1 -07.9644 24250.8
 16 03 2015  04 46  -17.4888 24017.5 -03360.7 -07.9656 24251.4
 16 03 2015  04 47  -17.4876 24018.4 -03359.9 -07.9633 24252.3
 16 03 2015  04 48  -17.4869 24019.0 -03360.5 -07.9645 24253.0
 16 03 2015  04 49  -17.4858 24019.1 -03359.7 -07.9625 24252.9
 16 03 2015  04 50  -17.4850 24019.4 -03360.7 -07.9649 24253.4
 16 03 2015  04 51  -17.4844 24019.3 -03361.6 -07.9669 24253.3
 16 03 2015  04 52  -17.4833 24019.2 -03359.7 -07.9625 24253.0
 16 03 2015  04 53  -17.4826 24019.2 -03359.8 -07.9629 24253.1
 16 03 2015  04 54  -17.4823 24019.1 -03359.7 -07.9628 24252.9
 16 03 2015  04 55  -17.4823 24019.0 -03360.7 -07.9651 24253.0
 16 03 2015  04 56  -17.4822 24019.3 -03360.0 -07.9633 24253.1
 16 03 2015  04 57  -17.4827 24018.9 -03361.1 -07.9659 24252.9
 16 03 2015  04 58  -17.4829 24018.5 -03360.5 -07.9646 24252.5
 16 03 2015  04 59  -17.4833 24018.4 -03361.5 -07.9670 24252.4
 16 03 2015  05 00  -17.4837 24018.0 -03361.7 -07.9676 24252.2
 16 03 2015  05 01  -17.4839 24017.6 -03360.7 -07.9655 24251.6
 16 03 2015  05 02  -17.4840 24017.3 -03360.4 -07.9649 24251.3
 16 03 2015  05 03  -17.4843 24017.2 -03361.0 -07.9663 24251.2
 16 03 2015  05 04  -17.4850 24017.1 -03362.0 -07.9686 24251.2
 16 03 2015  05 05  -17.4852 24017.2 -03362.3 -07.9693 24251.4
 16 03 2015  05 06  -17.4851 24017.6 -03361.3 -07.9669 24251.7
 16 03 2015  05 07  -17.4853 24018.2 -03361.3 -07.9668 24252.3
 16 03 2015  05 08  -17.4853 24018.6 -03360.5 -07.9648 24252.5
 16 03 2015  05 09  -17.4849 24018.8 -03360.0 -07.9633 24252.6
 16 03 2015  05 10  -17.4849 24018.4 -03360.7 -07.9652 24252.4
 16 03 2015  05 11  -17.4847 24018.1 -03360.3 -07.9644 24252.1
 16 03 2015  05 12  -17.4850 24017.9 -03361.6 -07.9675 24252.0
 16 03 2015  05 13  -17.4854 24017.7 -03361.8 -07.9680 24251.9
 16 03 2015  05 14  -17.4855 24017.7 -03361.7 -07.9678 24251.8
 16 03 2015  05 15  -17.4859 24017.5 -03362.1 -07.9688 24251.7
 16 03 2015  05 16  -17.4857 24017.5 -03361.6 -07.9676 24251.6
 16 03 2015  05 17  -17.4855 24017.6 -03360.3 -07.9646 24251.5
 16 03 2015  05 18  -17.4852 24017.6 -03360.3 -07.9646 24251.5
 16 03 2015  05 19  -17.4852 24017.4 -03361.7 -07.9678 24251.5
 16 03 2015  05 20  -17.4854 24017.2 -03361.3 -07.9670 24251.3
 16 03 2015  05 21  -17.4851 24017.0 -03360.8 -07.9660 24251.1
 16 03 2015  05 22  -17.4853 24016.9 -03361.0 -07.9665 24250.9
 16 03 2015  05 23  -17.4856 24016.6 -03361.8 -07.9683 24250.8
 16 03 2015  05 24  -17.4859 24016.4 -03361.4 -07.9674 24250.5
 16 03 2015  05 25  -17.4863 24016.0 -03361.3 -07.9673 24250.1
 16 03 2015  05 26  -17.4869 24015.7 -03361.5 -07.9680 24249.8
 16 03 2015  05 27  -17.4874 24015.4 -03361.8 -07.9688 24249.6
 16 03 2015  05 28  -17.4880 24015.2 -03361.6 -07.9684 24249.3
 16 03 2015  05 29  -17.4886 24015.0 -03361.7 -07.9686 24249.1
 16 03 2015  05 30  -17.4888 24014.9 -03361.5 -07.9682 24249.0
 16 03 2015  05 31  -17.4892 24014.8 -03361.2 -07.9675 24248.9
 16 03 2015  05 32  -17.4895 24014.6 -03362.0 -07.9695 24248.8
 16 03 2015  05 33  -17.4898 24014.4 -03362.5 -07.9707 24248.7
 16 03 2015  05 34  -17.4901 24014.2 -03362.4 -07.9705 24248.4
 16 03 2015  05 35  -17.4901 24013.9 -03361.4 -07.9683 24248.0
 16 03 2015  05 36  -17.4905 24013.6 -03361.8 -07.9694 24247.8
 16 03 2015  05 37  -17.4907 24013.4 -03362.3 -07.9705 24247.6
 16 03 2015  05 38  -17.4909 24013.2 -03361.6 -07.9689 24247.4
 16 03 2015  05 39  -17.4909 24013.2 -03360.9 -07.9673 24247.2
 16 03 2015  05 40  -17.4911 24013.2 -03361.3 -07.9682 24247.3
 16 03 2015  05 41  -17.4914 24013.1 -03361.6 -07.9691 24247.3
 16 03 2015  05 42  -17.4917 24013.2 -03361.7 -07.9693 24247.3
 16 03 2015  05 43  -17.4917 24013.3 -03361.6 -07.9690 24247.5
 16 03 2015  05 44  -17.4916 24013.6 -03360.8 -07.9670 24247.6
 16 03 2015  05 45  -17.4916 24013.5 -03361.2 -07.9681 24247.6
 16 03 2015  05 46  -17.4921 24013.5 -03361.2 -07.9680 24247.6
 16 03 2015  05 47  -17.4923 24013.6 -03361.3 -07.9681 24247.7
 16 03 2015  05 48  -17.4924 24013.9 -03360.8 -07.9670 24247.9
 16 03 2015  05 49  -17.4925 24014.2 -03361.0 -07.9673 24248.3
 16 03 2015  05 50  -17.4928 24014.3 -03360.9 -07.9671 24248.4
 16 03 2015  05 51  -17.4932 24014.1 -03361.3 -07.9680 24248.2
 16 03 2015  05 52  -17.4931 24013.9 -03361.0 -07.9674 24247.9
 16 03 2015  05 53  -17.4929 24013.7 -03361.0 -07.9675 24247.8
 16 03 2015  05 54  -17.4931 24013.2 -03361.4 -07.9686 24247.3
 16 03 2015  05 55  -17.4931 24012.3 -03361.3 -07.9686 24246.5
 16 03 2015  05 56  -17.4932 24011.7 -03361.3 -07.9688 24245.8
 16 03 2015  05 57  -17.4933 24011.4 -03361.3 -07.9690 24245.5
 16 03 2015  05 58  -17.4941 24010.7 -03361.1 -07.9686 24244.8
 16 03 2015  05 59  -17.4948 24009.9 -03361.4 -07.9697 24244.1
 16 03 2015  06 00  -17.4954 24009.6 -03361.4 -07.9698 24243.8
 16 03 2015  06 01  -17.4958 24009.3 -03361.3 -07.9695 24243.4
 16 03 2015  06 02  -17.4966 24008.9 -03361.3 -07.9698 24243.0
 16 03 2015  06 03  -17.4968 24008.6 -03361.3 -07.9699 24242.7
 16 03 2015  06 04  -17.4965 24008.4 -03361.2 -07.9697 24242.5
 16 03 2015  06 05  -17.4964 24008.2 -03361.1 -07.9695 24242.3
 16 03 2015  06 06  -17.4964 24008.2 -03361.3 -07.9698 24242.3
 16 03 2015  06 07  -17.4961 24008.2 -03361.3 -07.9699 24242.4
 16 03 2015  06 08  -17.4960 24008.3 -03361.3 -07.9698 24242.4
 16 03 2015  06 09  -17.4960 24008.4 -03361.1 -07.9695 24242.5
 16 03 2015  06 10  -17.4956 24008.1 -03361.4 -07.9703 24242.3
 16 03 2015  06 11  -17.4965 24005.9 -03362.0 -07.9724 24240.2
 16 03 2015  06 12  -17.4976 24003.3 -03362.6 -07.9746 24237.6
 16 03 2015  06 13  -17.4962 24001.6 -03362.3 -07.9745 24235.9
 16 03 2015  06 14  -17.4955 23999.3 -03362.4 -07.9754 24233.6
 16 03 2015  06 15  -17.4965 23997.8 -03362.5 -07.9761 24232.3
 16 03 2015  06 16  -17.4974 23997.0 -03362.1 -07.9756 24231.4
 16 03 2015  06 17  -17.4985 23996.8 -03362.2 -07.9757 24231.2
 16 03 2015  06 18  -17.4997 23996.9 -03362.1 -07.9756 24231.2
 16 03 2015  06 19  -17.5004 23997.2 -03361.6 -07.9743 24231.5
 16 03 2015  06 20  -17.5006 23997.6 -03361.7 -07.9744 24232.0
 16 03 2015  06 21  -17.5003 23997.7 -03361.6 -07.9740 24232.0
 16 03 2015  06 22  -17.4996 23997.3 -03361.8 -07.9746 24231.6
 16 03 2015  06 23  -17.4989 23996.6 -03361.5 -07.9742 24230.9
 16 03 2015  06 24  -17.4979 23995.2 -03362.0 -07.9759 24229.6
 16 03 2015  06 25  -17.4977 23993.8 -03362.1 -07.9765 24228.2
 16 03 2015  06 26  -17.4986 23992.3 -03362.4 -07.9776 24226.7
 16 03 2015  06 27  -17.4988 23991.5 -03362.3 -07.9777 24226.0
 16 03 2015  06 28  -17.4993 23990.8 -03362.0 -07.9774 24225.2
 16 03 2015  06 29  -17.4989 23991.3 -03361.8 -07.9767 24225.7
 16 03 2015  06 30  -17.4989 23991.8 -03361.6 -07.9759 24226.2
 16 03 2015  06 31  -17.4974 23992.4 -03360.9 -07.9743 24226.6
 16 03 2015  06 32  -17.4956 23992.6 -03361.1 -07.9745 24226.9
 16 03 2015  06 33  -17.4935 23992.7 -03360.9 -07.9740 24227.0
 16 03 2015  06 34  -17.4915 23993.1 -03360.8 -07.9737 24227.4
 16 03 2015  06 35  -17.4896 23993.0 -03360.8 -07.9738 24227.2
 16 03 2015  06 36  -17.4882 23992.6 -03360.9 -07.9742 24226.9
 16 03 2015  06 37  -17.4868 23991.8 -03361.0 -07.9747 24226.1
 16 03 2015  06 38  -17.4846 23991.4 -03360.9 -07.9745 24225.7
 16 03 2015  06 39  -17.4829 23990.9 -03360.9 -07.9747 24225.2
 16 03 2015  06 40  -17.4809 23991.0 -03360.9 -07.9747 24225.3
 16 03 2015  06 41  -17.4789 23991.4 -03360.7 -07.9739 24225.7
 16 03 2015  06 42  -17.4775 23990.9 -03360.8 -07.9745 24225.1
 16 03 2015  06 43  -17.4765 23990.8 -03360.7 -07.9742 24225.0
 16 03 2015  06 44  -17.4763 23990.2 -03360.9 -07.9749 24224.5
 16 03 2015  06 45  -17.4759 23990.5 -03361.0 -07.9751 24224.8
 16 03 2015  06 46  -17.4759 23990.2 -03360.9 -07.9750 24224.5
 16 03 2015  06 47  -17.4763 23990.3 -03361.1 -07.9753 24224.6
 16 03 2015  06 48  -17.4765 23990.3 -03361.2 -07.9756 24224.6
 16 03 2015  06 49  -17.4765 23990.3 -03361.1 -07.9754 24224.7
 16 03 2015  06 50  -17.4762 23990.1 -03361.2 -07.9757 24224.5
 16 03 2015  06 51  -17.4765 23990.1 -03361.3 -07.9759 24224.5
 16 03 2015  06 52  -17.4761 23990.4 -03361.1 -07.9754 24224.7
 16 03 2015  06 53  -17.4754 23990.4 -03361.3 -07.9758 24224.7
 16 03 2015  06 54  -17.4748 23990.7 -03361.3 -07.9757 24225.0
 16 03 2015  06 55  -17.4740 23990.9 -03361.2 -07.9753 24225.2
 16 03 2015  06 56  -17.4734 23991.2 -03361.2 -07.9752 24225.6
 16 03 2015  06 57  -17.4740 23990.8 -03361.3 -07.9757 24225.1
 16 03 2015  06 58  -17.4752 23990.9 -03361.5 -07.9761 24225.2
 16 03 2015  06 59  -17.4762 23990.7 -03361.7 -07.9766 24225.1
 16 03 2015  07 00  -17.4767 23991.1 -03361.7 -07.9765 24225.5
 16 03 2015  07 01  -17.4776 23991.0 -03361.7 -07.9766 24225.4
 16 03 2015  07 02  -17.4785 23990.2 -03362.1 -07.9777 24224.6
 16 03 2015  07 03  -17.4790 23989.9 -03362.0 -07.9776 24224.3
 16 03 2015  07 04  -17.4802 23989.6 -03362.0 -07.9778 24224.0
 16 03 2015  07 05  -17.4816 23989.5 -03362.1 -07.9778 24224.0
 16 03 2015  07 06  -17.4832 23990.0 -03361.9 -07.9774 24224.5
 16 03 2015  07 07  -17.4848 23990.6 -03361.8 -07.9768 24225.0
 16 03 2015  07 08  -17.4863 23990.8 -03361.9 -07.9771 24225.2
 16 03 2015  07 09  -17.4876 23991.0 -03361.8 -07.9767 24225.4
 16 03 2015  07 10  -17.4890 23991.6 -03361.5 -07.9758 24226.0
 16 03 2015  07 11  -17.4903 23992.4 -03361.2 -07.9749 24226.7
 16 03 2015  07 12  -17.4920 23993.1 -03361.6 -07.9755 24227.5
 16 03 2015  07 13  -17.4936 23993.6 -03361.5 -07.9752 24227.9
 16 03 2015  07 14  -17.4949 23994.1 -03361.1 -07.9742 24228.3
 16 03 2015  07 15  -17.4960 23994.4 -03361.3 -07.9745 24228.7
 16 03 2015  07 16  -17.4970 23994.7 -03361.3 -07.9743 24229.0
 16 03 2015  07 17  -17.4977 23995.0 -03361.2 -07.9741 24229.2
 16 03 2015  07 18  -17.4982 23995.4 -03361.0 -07.9735 24229.6
 16 03 2015  07 19  -17.4987 23995.7 -03360.9 -07.9732 24229.9
 16 03 2015  07 20  -17.4993 23996.0 -03360.8 -07.9729 24230.2
 16 03 2015  07 21  -17.4997 23996.5 -03360.6 -07.9722 24230.7
 16 03 2015  07 22  -17.4997 23997.3 -03360.5 -07.9717 24231.4
 16 03 2015  07 23  -17.4998 23997.7 -03360.6 -07.9719 24231.8
 16 03 2015  07 24  -17.4990 23997.8 -03360.6 -07.9717 24232.0
 16 03 2015  07 25  -17.4986 23998.6 -03360.4 -07.9709 24232.7
 16 03 2015  07 26  -17.4982 23999.3 -03360.1 -07.9701 24233.4
 16 03 2015  07 27  -17.4973 24000.3 -03359.9 -07.9691 24234.4
 16 03 2015  07 28  -17.4969 24000.6 -03360.1 -07.9696 24234.7
 16 03 2015  07 29  -17.4963 24001.6 -03360.0 -07.9690 24235.6
 16 03 2015  07 30  -17.4952 24002.7 -03359.5 -07.9677 24236.6
 16 03 2015  07 31  -17.4947 24003.5 -03359.7 -07.9677 24237.5
 16 03 2015  07 32  -17.4942 24004.5 -03359.5 -07.9670 24238.4
 16 03 2015  07 33  -17.4937 24005.0 -03359.7 -07.9673 24239.0
 16 03 2015  07 34  -17.4936 24005.4 -03359.7 -07.9671 24239.4
 16 03 2015  07 35  -17.4933 24006.2 -03359.7 -07.9669 24240.2
 16 03 2015  07 36  -17.4931 24006.9 -03359.7 -07.9667 24240.8
 16 03 2015  07 37  -17.4925 24007.5 -03359.7 -07.9663 24241.5
 16 03 2015  07 38  -17.4920 24008.0 -03359.6 -07.9661 24242.0
 16 03 2015  07 39  -17.4914 24008.6 -03359.8 -07.9663 24242.5
 16 03 2015  07 40  -17.4911 24008.8 -03359.6 -07.9657 24242.7
 16 03 2015  07 41  -17.4911 24008.4 -03359.9 -07.9667 24242.4
 16 03 2015  07 42  -17.4903 24008.0 -03359.9 -07.9668 24241.9
 16 03 2015  07 43  -17.4895 24008.2 -03359.7 -07.9663 24242.2
 16 03 2015  07 44  -17.4888 24007.3 -03360.0 -07.9673 24241.3
 16 03 2015  07 45  -17.4881 24006.6 -03360.1 -07.9677 24240.6
 16 03 2015  07 46  -17.4872 24006.3 -03360.0 -07.9676 24240.3
 16 03 2015  07 47  -17.4861 24005.9 -03360.1 -07.9678 24239.9
 16 03 2015  07 48  -17.4850 24005.9 -03359.8 -07.9672 24239.8
 16 03 2015  07 49  -17.4845 24006.1 -03359.8 -07.9670 24240.1
 16 03 2015  07 50  -17.4839 24006.3 -03359.7 -07.9668 24240.3
 16 03 2015  07 51  -17.4833 24006.7 -03359.6 -07.9664 24240.6
 16 03 2015  07 52  -17.4827 24007.2 -03359.5 -07.9661 24241.1
 16 03 2015  07 53  -17.4823 24007.4 -03359.7 -07.9664 24241.3
 16 03 2015  07 54  -17.4819 24007.4 -03359.7 -07.9665 24241.4
 16 03 2015  07 55  -17.4814 24007.5 -03359.7 -07.9663 24241.4
 16 03 2015  07 56  -17.4811 24007.7 -03359.6 -07.9661 24241.6
 16 03 2015  07 57  -17.4809 24008.0 -03359.6 -07.9661 24241.9
 16 03 2015  07 58  -17.4801 24009.4 -03359.2 -07.9647 24243.3
 16 03 2015  07 59  -17.4786 24011.4 -03359.0 -07.9636 24245.2
 16 03 2015  08 00  -17.4772 24012.9 -03359.0 -07.9630 24246.6
 16 03 2015  08 01  -17.4763 24013.1 -03359.3 -07.9637 24246.9
 16 03 2015  08 02  -17.4761 24012.2 -03359.8 -07.9651 24246.1
 16 03 2015  08 03  -17.4762 24010.4 -03360.2 -07.9667 24244.3
 16 03 2015  08 04  -17.4764 24007.9 -03360.6 -07.9684 24242.0
 16 03 2015  08 05  -17.4771 24005.9 -03360.7 -07.9693 24240.0
 16 03 2015  08 06  -17.4778 24004.5 -03360.8 -07.9700 24238.6
 16 03 2015  08 07  -17.4781 24003.8 -03360.7 -07.9699 24237.9
 16 03 2015  08 08  -17.4782 24003.4 -03360.5 -07.9697 24237.5
 16 03 2015  08 09  -17.4782 24003.4 -03360.3 -07.9692 24237.5
 16 03 2015  08 10  -17.4782 24003.7 -03360.0 -07.9685 24237.8
 16 03 2015  08 11  -17.4782 24004.2 -03360.0 -07.9682 24238.3
 16 03 2015  08 12  -17.4784 24004.7 -03360.4 -07.9690 24238.8
 16 03 2015  08 13  -17.4785 24005.1 -03360.2 -07.9684 24239.2
 16 03 2015  08 14  -17.4787 24005.2 -03360.2 -07.9684 24239.3
 16 03 2015  08 15  -17.4788 24005.6 -03360.3 -07.9685 24239.6
 16 03 2015  08 16  -17.4787 24005.7 -03360.4 -07.9686 24239.8
 16 03 2015  08 17  -17.4787 24005.6 -03360.6 -07.9691 24239.7
 16 03 2015  08 18  -17.4784 24005.6 -03360.3 -07.9685 24239.6
 16 03 2015  08 19  -17.4778 24005.8 -03360.4 -07.9686 24239.9
 16 03 2015  08 20  -17.4772 24006.0 -03360.2 -07.9682 24240.1
 16 03 2015  08 21  -17.4766 24005.9 -03360.2 -07.9681 24240.0
 16 03 2015  08 22  -17.4759 24005.8 -03360.2 -07.9683 24239.8
 16 03 2015  08 23  -17.4754 24005.7 -03360.2 -07.9683 24239.7
 16 03 2015  08 24  -17.4750 24005.3 -03360.5 -07.9690 24239.4
 16 03 2015  08 25  -17.4749 24005.1 -03360.6 -07.9693 24239.2
 16 03 2015  08 26  -17.4751 24004.7 -03360.6 -07.9695 24238.8
 16 03 2015  08 27  -17.4754 24004.5 -03360.8 -07.9701 24238.6
 16 03 2015  08 28  -17.4754 24004.2 -03360.6 -07.9695 24238.2
 16 03 2015  08 29  -17.4754 24003.9 -03360.7 -07.9700 24238.0
 16 03 2015  08 30  -17.4755 24003.5 -03360.8 -07.9703 24237.7
 16 03 2015  08 31  -17.4757 24003.5 -03360.8 -07.9702 24237.6
 16 03 2015  08 32  -17.4760 24003.4 -03360.7 -07.9701 24237.5
 16 03 2015  08 33  -17.4762 24003.6 -03360.7 -07.9701 24237.7
 16 03 2015  08 34  -17.4762 24004.1 -03360.6 -07.9697 24238.2
 16 03 2015  08 35  -17.4761 24004.4 -03360.5 -07.9694 24238.5
 16 03 2015  08 36  -17.4759 24005.0 -03360.5 -07.9692 24239.1
 16 03 2015  08 37  -17.4753 24005.7 -03360.3 -07.9685 24239.8
 16 03 2015  08 38  -17.4748 24006.5 -03360.3 -07.9682 24240.5
 16 03 2015  08 39  -17.4744 24007.3 -03360.2 -07.9676 24241.3
 16 03 2015  08 40  -17.4741 24008.0 -03360.3 -07.9676 24242.0
 16 03 2015  08 41  -17.4740 24008.6 -03360.3 -07.9674 24242.6
 16 03 2015  08 42  -17.4737 24009.7 -03360.1 -07.9667 24243.7
 16 03 2015  08 43  -17.4730 24011.2 -03359.9 -07.9657 24245.1
 16 03 2015  08 44  -17.4724 24012.3 -03359.7 -07.9648 24246.2
 16 03 2015  08 45  -17.4726 24011.9 -03360.5 -07.9668 24245.9
 16 03 2015  08 46  -17.4727 24011.6 -03360.8 -07.9676 24245.6
 16 03 2015  08 47  -17.4730 24011.2 -03360.6 -07.9673 24245.2
 16 03 2015  08 48  -17.4733 24010.8 -03360.7 -07.9677 24244.9
 16 03 2015  08 49  -17.4732 24011.0 -03360.6 -07.9674 24245.0
 16 03 2015  08 50  -17.4731 24011.4 -03360.4 -07.9667 24245.4
 16 03 2015  08 51  -17.4729 24011.6 -03360.3 -07.9665 24245.6
 16 03 2015  08 52  -17.4731 24011.5 -03360.5 -07.9671 24245.5
 16 03 2015  08 53  -17.4731 24011.5 -03360.5 -07.9670 24245.5
 16 03 2015  08 54  -17.4734 24011.4 -03360.6 -07.9673 24245.4
 16 03 2015  08 55  -17.4739 24011.3 -03360.7 -07.9675 24245.3
 16 03 2015  08 56  -17.4743 24011.3 -03360.7 -07.9675 24245.3
 16 03 2015  08 57  -17.4744 24011.7 -03360.5 -07.9670 24245.7
 16 03 2015  08 58  -17.4746 24012.0 -03360.5 -07.9668 24246.0
 16 03 2015  08 59  -17.4751 24012.1 -03360.8 -07.9676 24246.2
 16 03 2015  09 00  -17.4757 24012.0 -03361.1 -07.9681 24246.1
 16 03 2015  09 01  -17.4762 24012.0 -03360.7 -07.9673 24246.0
 16 03 2015  09 02  -17.4768 24012.0 -03360.9 -07.9677 24246.1
 16 03 2015  09 03  -17.4772 24012.1 -03360.8 -07.9675 24246.2
 16 03 2015  09 04  -17.4773 24012.3 -03360.7 -07.9673 24246.4
 16 03 2015  09 05  -17.4773 24012.3 -03360.8 -07.9674 24246.4
 16 03 2015  09 06  -17.4774 24012.3 -03360.8 -07.9674 24246.4
 16 03 2015  09 07  -17.4776 24012.1 -03360.9 -07.9677 24246.2
 16 03 2015  09 08  -17.4777 24011.9 -03360.9 -07.9679 24246.0
 16 03 2015  09 09  -17.4780 24011.6 -03361.2 -07.9686 24245.7
 16 03 2015  09 10  -17.4783 24011.3 -03361.1 -07.9684 24245.4
 16 03 2015  09 11  -17.4788 24011.0 -03361.2 -07.9687 24245.1
 16 03 2015  09 12  -17.4793 24010.9 -03361.4 -07.9693 24245.0
 16 03 2015  09 13  -17.4794 24010.7 -03361.3 -07.9692 24244.9
 16 03 2015  09 14  -17.4795 24010.5 -03361.1 -07.9687 24244.6
 16 03 2015  09 15  -17.4794 24010.4 -03361.1 -07.9689 24244.5
 16 03 2015  09 16  -17.4792 24010.1 -03361.3 -07.9692 24244.3
 16 03 2015  09 17  -17.4788 24010.0 -03361.3 -07.9693 24244.2
 16 03 2015  09 18  -17.4782 24010.2 -03361.3 -07.9692 24244.3
 16 03 2015  09 19  -17.4777 24010.3 -03361.2 -07.9691 24244.4
 16 03 2015  09 20  -17.4770 24010.4 -03361.1 -07.9689 24244.5
 16 03 2015  09 21  -17.4761 24010.6 -03361.1 -07.9688 24244.7
 16 03 2015  09 22  -17.4750 24010.8 -03361.3 -07.9692 24244.9
 16 03 2015  09 23  -17.4740 24010.8 -03361.0 -07.9685 24244.9
 16 03 2015  09 24  -17.4730 24010.8 -03361.2 -07.9689 24244.9
 16 03 2015  09 25  -17.4720 24010.8 -03360.9 -07.9682 24244.9
 16 03 2015  09 26  -17.4715 24010.8 -03361.2 -07.9689 24244.9
 16 03 2015  09 27  -17.4713 24010.8 -03361.2 -07.9688 24244.9
 16 03 2015  09 28  -17.4712 24010.7 -03361.1 -07.9688 24244.8
 16 03 2015  09 29  -17.4710 24010.4 -03361.1 -07.9688 24244.6
 16 03 2015  09 30  -17.4710 24010.2 -03361.1 -07.9688 24244.3
 16 03 2015  09 31  -17.4707 24010.0 -03361.1 -07.9688 24244.1
 16 03 2015  09 32  -17.4703 24009.8 -03361.1 -07.9689 24243.9
 16 03 2015  09 33  -17.4699 24009.6 -03360.8 -07.9684 24243.7
 16 03 2015  09 34  -17.4692 24009.4 -03361.0 -07.9688 24243.5
 16 03 2015  09 35  -17.4682 24009.3 -03360.8 -07.9683 24243.4
 16 03 2015  09 36  -17.4675 24009.2 -03360.9 -07.9688 24243.3
 16 03 2015  09 37  -17.4667 24009.2 -03360.6 -07.9680 24243.3
 16 03 2015  09 38  -17.4656 24009.4 -03360.6 -07.9680 24243.4
 16 03 2015  09 39  -17.4642 24009.5 -03360.4 -07.9675 24243.5
 16 03 2015  09 40  -17.4624 24009.6 -03360.4 -07.9674 24243.7
 16 03 2015  09 41  -17.4611 24009.6 -03360.8 -07.9683 24243.7
 16 03 2015  09 42  -17.4598 24009.5 -03360.7 -07.9681 24243.5
 16 03 2015  09 43  -17.4590 24009.5 -03360.6 -07.9680 24243.5
 16 03 2015  09 44  -17.4588 24009.4 -03361.2 -07.9692 24243.5
 16 03 2015  09 45  -17.4584 24009.6 -03360.8 -07.9684 24243.6
 16 03 2015  09 46  -17.4580 24010.0 -03361.7 -07.9702 24244.2
 16 03 2015  09 47  -17.4571 24010.4 -03361.5 -07.9697 24244.6
 16 03 2015  09 48  -17.4568 24010.5 -03361.6 -07.9700 24244.6
 16 03 2015  09 49  -17.4563 24010.3 -03361.8 -07.9703 24244.5
 16 03 2015  09 50  -17.4563 24010.2 -03362.4 -07.9720 24244.5
 16 03 2015  09 51  -17.4560 24010.3 -03362.4 -07.9718 24244.6
 16 03 2015  09 52  -17.4552 24010.7 -03362.4 -07.9718 24245.0
 16 03 2015  09 53  -17.4547 24010.3 -03363.0 -07.9732 24244.7
 16 03 2015  09 54  -17.4546 24010.2 -03363.1 -07.9736 24244.6
 16 03 2015  09 55  -17.4546 24010.1 -03363.4 -07.9742 24244.5
 16 03 2015  09 56  -17.4545 24010.1 -03363.8 -07.9751 24244.6
 16 03 2015  09 57  -17.4544 24010.1 -03364.0 -07.9757 24244.6
 16 03 2015  09 58  -17.4542 24010.4 -03364.2 -07.9761 24244.9
 16 03 2015  09 59  -17.4539 24010.5 -03364.6 -07.9769 24245.1
 16 03 2015  10 00  -17.4540 24010.7 -03365.1 -07.9780 24245.4
 16 03 2015  10 01  -17.4542 24011.1 -03365.3 -07.9784 24245.8
 16 03 2015  10 02  -17.4542 24011.8 -03365.6 -07.9789 24246.5
 16 03 2015  10 03  -17.4537 24012.8 -03365.8 -07.9791 24247.5
 16 03 2015  10 04  -17.4533 24014.0 -03366.2 -07.9796 24248.8
 16 03 2015  10 05  -17.4530 24015.3 -03366.7 -07.9802 24250.1
 16 03 2015  10 06  -17.4535 24016.4 -03367.1 -07.9807 24251.3
 16 03 2015  10 07  -17.4547 24017.1 -03367.4 -07.9812 24252.1
 16 03 2015  10 08  -17.4569 24017.3 -03367.5 -07.9815 24252.2
 16 03 2015  10 09  -17.4587 24017.7 -03367.3 -07.9808 24252.6
 16 03 2015  10 10  -17.4604 24018.2 -03367.0 -07.9800 24253.1
 16 03 2015  10 11  -17.4619 24018.4 -03366.8 -07.9795 24253.2
 16 03 2015  10 12  -17.4638 24017.3 -03367.1 -07.9804 24252.2
 16 03 2015  10 13  -17.4644 24015.9 -03367.4 -07.9817 24250.8
 16 03 2015  10 14  -17.4642 24015.4 -03366.9 -07.9807 24250.3
 16 03 2015  10 15  -17.4644 24013.9 -03367.6 -07.9828 24248.9
 16 03 2015  10 16  -17.4638 24013.5 -03368.0 -07.9838 24248.6
 16 03 2015  10 17  -17.4633 24012.9 -03368.4 -07.9850 24248.0
 16 03 2015  10 18  -17.4634 24011.7 -03369.5 -07.9880 24246.9
 16 03 2015  10 19  -17.4635 24011.2 -03370.1 -07.9896 24246.5
 16 03 2015  10 20  -17.4633 24011.5 -03370.2 -07.9897 24246.8
 16 03 2015  10 21  -17.4627 24011.5 -03370.6 -07.9906 24246.9
 16 03 2015  10 22  -17.4620 24010.9 -03371.3 -07.9924 24246.4
 16 03 2015  10 23  -17.4616 24011.6 -03371.4 -07.9925 24247.1
 16 03 2015  10 24  -17.4617 24012.3 -03371.4 -07.9921 24247.8
 16 03 2015  10 25  -17.4628 24011.4 -03371.8 -07.9934 24247.0
 16 03 2015  10 26  -17.4635 24010.2 -03372.0 -07.9944 24245.9
 16 03 2015  10 27  -17.4657 24008.6 -03372.2 -07.9952 24244.3
 16 03 2015  10 28  -17.4669 24008.8 -03371.4 -07.9933 24244.4
 16 03 2015  10 29  -17.4655 24008.8 -03370.7 -07.9917 24244.2
 16 03 2015  10 30  -17.4682 24006.3 -03372.0 -07.9955 24242.0
 16 03 2015  10 31  -17.4721 24005.5 -03372.9 -07.9980 24241.3
 16 03 2015  10 32  -17.4731 24005.7 -03372.9 -07.9978 24241.5
 16 03 2015  10 33  -17.4726 24005.5 -03373.2 -07.9986 24241.3
 16 03 2015  10 34  -17.4723 24004.7 -03373.6 -08.0000 24240.6
 16 03 2015  10 35  -17.4725 24004.5 -03373.6 -07.9999 24240.4
 16 03 2015  10 36  -17.4722 24004.2 -03373.8 -08.0006 24240.1
 16 03 2015  10 37  -17.4728 24003.2 -03374.0 -08.0013 24239.2
 16 03 2015  10 38  -17.4751 24003.8 -03373.2 -07.9992 24239.7
 16 03 2015  10 39  -17.4778 24004.8 -03372.8 -07.9979 24240.6
 16 03 2015  10 40  -17.4805 24006.0 -03372.8 -07.9975 24241.7
 16 03 2015  10 41  -17.4796 24007.6 -03372.7 -07.9969 24243.4
 16 03 2015  10 42  -17.4789 24008.2 -03373.1 -07.9976 24244.0
 16 03 2015  10 43  -17.4789 24009.2 -03373.8 -07.9989 24245.1
 16 03 2015  10 44  -17.4771 24011.2 -03373.9 -07.9984 24247.1
 16 03 2015  10 45  -17.4743 24013.5 -03373.7 -07.9972 24249.3
 16 03 2015  10 46  -17.4714 24016.1 -03373.1 -07.9949 24251.8
 16 03 2015  10 47  -17.4702 24018.5 -03372.3 -07.9924 24254.1
 16 03 2015  10 48  -17.4702 24020.4 -03372.2 -07.9914 24255.9
 16 03 2015  10 49  -17.4681 24022.1 -03371.6 -07.9894 24257.5
 16 03 2015  10 50  -17.4656 24023.0 -03371.1 -07.9881 24258.4
 16 03 2015  10 51  -17.4657 24024.1 -03370.8 -07.9869 24259.4
 16 03 2015  10 52  -17.4671 24024.5 -03370.6 -07.9864 24259.8
 16 03 2015  10 53  -17.4685 24024.4 -03370.9 -07.9870 24259.7
 16 03 2015  10 54  -17.4685 24024.0 -03371.3 -07.9883 24259.4
 16 03 2015  10 55  -17.4679 24023.3 -03371.6 -07.9891 24258.8
 16 03 2015  10 56  -17.4676 24022.6 -03372.4 -07.9912 24258.2
 16 03 2015  10 57  -17.4673 24021.9 -03372.9 -07.9925 24257.5
 16 03 2015  10 58  -17.4672 24021.0 -03373.7 -07.9947 24256.7
 16 03 2015  10 59  -17.4675 24020.4 -03374.4 -07.9966 24256.2
 16 03 2015  11 00  -17.4672 24020.0 -03374.8 -07.9978 24255.9
 16 03 2015  11 01  -17.4666 24019.7 -03375.2 -07.9986 24255.7
 16 03 2015  11 02  -17.4667 24019.7 -03375.6 -07.9996 24255.7
 16 03 2015  11 03  -17.4673 24019.6 -03375.7 -07.9999 24255.7
 16 03 2015  11 04  -17.4678 24019.5 -03376.1 -08.0008 24255.6
 16 03 2015  11 05  -17.4683 24019.3 -03376.4 -08.0017 24255.5
 16 03 2015  11 06  -17.4689 24019.2 -03376.7 -08.0025 24255.4
 16 03 2015  11 07  -17.4693 24019.3 -03376.8 -08.0025 24255.5
 16 03 2015  11 08  -17.4693 24019.6 -03376.8 -08.0024 24255.8
 16 03 2015  11 09  -17.4691 24019.8 -03376.8 -08.0023 24256.0
 16 03 2015  11 10  -17.4695 24020.0 -03376.8 -08.0024 24256.2
 16 03 2015  11 11  -17.4692 24020.4 -03376.7 -08.0019 24256.6
 16 03 2015  11 12  -17.4690 24021.0 -03376.5 -08.0013 24257.1
 16 03 2015  11 13  -17.4696 24021.2 -03376.5 -08.0012 24257.4
 16 03 2015  11 14  -17.4702 24021.7 -03376.6 -08.0012 24257.8
 16 03 2015  11 15  -17.4702 24022.3 -03376.4 -08.0006 24258.5
 16 03 2015  11 16  -17.4697 24023.2 -03376.0 -07.9994 24259.2
 16 03 2015  11 17  -17.4693 24023.7 -03375.8 -07.9988 24259.7
 16 03 2015  11 18  -17.4686 24024.0 -03375.7 -07.9985 24260.0
 16 03 2015  11 19  -17.4679 24024.1 -03375.6 -07.9981 24260.1
 16 03 2015  11 20  -17.4672 24024.4 -03375.6 -07.9981 24260.4
 16 03 2015  11 21  -17.4664 24024.7 -03375.1 -07.9969 24260.6
 16 03 2015  11 22  -17.4665 24025.1 -03375.2 -07.9970 24261.1
 16 03 2015  11 23  -17.4669 24025.5 -03375.0 -07.9962 24261.4
 16 03 2015  11 24  -17.4672 24026.2 -03374.7 -07.9955 24262.0
 16 03 2015  11 25  -17.4671 24026.9 -03374.5 -07.9947 24262.7
 16 03 2015  11 26  -17.4661 24027.7 -03374.0 -07.9932 24263.4
 16 03 2015  11 27  -17.4658 24027.6 -03373.8 -07.9929 24263.3
 16 03 2015  11 28  -17.4662 24026.8 -03374.0 -07.9936 24262.6
 16 03 2015  11 29  -17.4665 24025.5 -03374.1 -07.9942 24261.3
 16 03 2015  11 30  -17.4665 24024.4 -03374.4 -07.9953 24260.2
 16 03 2015  11 31  -17.4666 24023.3 -03374.6 -07.9961 24259.2
 16 03 2015  11 32  -17.4667 24022.4 -03375.0 -07.9974 24258.3
 16 03 2015  11 33  -17.4670 24021.7 -03374.8 -07.9971 24257.6
 16 03 2015  11 34  -17.4691 24021.1 -03375.2 -07.9983 24257.1
 16 03 2015  11 35  -17.4714 24021.0 -03375.4 -07.9987 24257.0
 16 03 2015  11 36  -17.4722 24021.3 -03375.1 -07.9979 24257.3
 16 03 2015  11 37  -17.4717 24023.0 -03374.6 -07.9962 24258.9
 16 03 2015  11 38  -17.4712 24023.2 -03374.1 -07.9949 24259.0
 16 03 2015  11 39  -17.4707 24022.7 -03374.2 -07.9955 24258.5
 16 03 2015  11 40  -17.4699 24022.5 -03373.9 -07.9949 24258.3
 16 03 2015  11 41  -17.4711 24019.9 -03374.9 -07.9979 24255.9
 16 03 2015  11 42  -17.4718 24019.9 -03375.4 -07.9991 24255.9
 16 03 2015  11 43  -17.4724 24020.6 -03375.8 -07.9998 24256.6
 16 03 2015  11 44  -17.4723 24020.3 -03376.1 -08.0007 24256.4
 16 03 2015  11 45  -17.4720 24022.5 -03376.0 -07.9997 24258.6
 16 03 2015  11 46  -17.4712 24024.7 -03374.7 -07.9958 24260.6
 16 03 2015  11 47  -17.4705 24025.9 -03374.3 -07.9946 24261.7
 16 03 2015  11 48  -17.4690 24028.9 -03372.8 -07.9901 24264.4
 16 03 2015  11 49  -17.4663 24031.4 -03372.5 -07.9886 24266.9
 16 03 2015  11 50  -17.4633 24032.9 -03371.8 -07.9863 24268.3
 16 03 2015  11 51  -17.4616 24032.9 -03373.1 -07.9895 24268.4
 16 03 2015  11 52  -17.4595 24034.1 -03372.0 -07.9866 24269.5
 16 03 2015  11 53  -17.4589 24035.7 -03370.7 -07.9830 24270.9
 16 03 2015  11 54  -17.4591 24036.4 -03371.2 -07.9838 24271.6
 16 03 2015  11 55  -17.4595 24036.6 -03370.8 -07.9828 24271.8
 16 03 2015  11 56  -17.4603 24036.1 -03371.2 -07.9840 24271.4
 16 03 2015  11 57  -17.4606 24035.9 -03371.4 -07.9845 24271.1
 16 03 2015  11 58  -17.4609 24035.7 -03372.2 -07.9864 24271.1
 16 03 2015  11 59  -17.4611 24035.4 -03372.7 -07.9876 24270.9
 16 03 2015  12 00  -17.4614 24034.9 -03373.0 -07.9885 24270.5
 16 03 2015  12 01  -17.4614 24035.2 -03373.4 -07.9894 24270.8
 16 03 2015  12 02  -17.4609 24035.4 -03374.1 -07.9909 24271.1
 16 03 2015  12 03  -17.4607 24035.1 -03374.0 -07.9909 24270.8
 16 03 2015  12 04  -17.4597 24036.0 -03373.8 -07.9900 24271.6
 16 03 2015  12 05  -17.4589 24036.5 -03373.2 -07.9885 24272.0
 16 03 2015  12 06  -17.4586 24035.6 -03373.4 -07.9892 24271.2
 16 03 2015  12 07  -17.4586 24035.9 -03374.1 -07.9909 24271.6
 16 03 2015  12 08  -17.4587 24035.0 -03374.3 -07.9915 24270.7
 16 03 2015  12 09  -17.4585 24034.7 -03375.7 -07.9948 24270.6
 16 03 2015  12 10  -17.4581 24035.0 -03374.4 -07.9917 24270.7
 16 03 2015  12 11  -17.4588 24033.4 -03375.2 -07.9943 24269.3
 16 03 2015  12 12  -17.4588 24033.4 -03376.8 -07.9978 24269.5
 16 03 2015  12 13  -17.4586 24033.3 -03376.4 -07.9969 24269.3
 16 03 2015  12 14  -17.4600 24031.8 -03377.4 -07.9999 24268.0
 16 03 2015  12 15  -17.4611 24032.3 -03378.3 -08.0018 24268.6
 16 03 2015  12 16  -17.4604 24034.2 -03377.2 -07.9987 24270.3
 16 03 2015  12 17  -17.4575 24036.8 -03376.5 -07.9960 24272.8
 16 03 2015  12 18  -17.4556 24037.9 -03376.0 -07.9945 24273.8
 16 03 2015  12 19  -17.4555 24038.1 -03375.3 -07.9928 24273.9
 16 03 2015  12 20  -17.4560 24037.6 -03375.9 -07.9944 24273.5
 16 03 2015  12 21  -17.4566 24036.6 -03376.5 -07.9961 24272.6
 16 03 2015  12 22  -17.4572 24036.2 -03377.6 -07.9988 24272.3
 16 03 2015  12 23  -17.4578 24035.4 -03377.3 -07.9984 24271.5
 16 03 2015  12 24  -17.4582 24034.9 -03377.5 -07.9990 24271.1
 16 03 2015  12 25  -17.4585 24034.6 -03378.5 -08.0014 24270.9
 16 03 2015  12 26  -17.4575 24035.6 -03377.9 -07.9998 24271.8
 16 03 2015  12 27  -17.4571 24035.8 -03377.6 -07.9991 24271.9
 16 03 2015  12 28  -17.4568 24035.7 -03377.5 -07.9989 24271.8
 16 03 2015  12 29  -17.4569 24035.0 -03377.6 -07.9992 24271.2
 16 03 2015  12 30  -17.4581 24033.7 -03377.9 -08.0004 24270.0
 16 03 2015  12 31  -17.4584 24033.1 -03378.1 -08.0011 24269.3
 16 03 2015  12 32  -17.4581 24032.1 -03378.6 -08.0025 24268.5
 16 03 2015  12 33  -17.4587 24031.4 -03379.2 -08.0043 24267.8
 16 03 2015  12 34  -17.4592 24031.3 -03379.0 -08.0039 24267.7
 16 03 2015  12 35  -17.4595 24031.7 -03379.1 -08.0039 24268.1
 16 03 2015  12 36  -17.4590 24032.5 -03378.7 -08.0026 24268.8
 16 03 2015  12 37  -17.4581 24033.3 -03378.2 -08.0013 24269.6
 16 03 2015  12 38  -17.4573 24033.9 -03378.5 -08.0016 24270.2
 16 03 2015  12 39  -17.4566 24035.1 -03377.7 -07.9995 24271.3
 16 03 2015  12 40  -17.4556 24036.8 -03377.6 -07.9988 24272.9
 16 03 2015  12 41  -17.4555 24037.9 -03377.2 -07.9973 24274.0
 16 03 2015  12 42  -17.4550 24039.4 -03376.6 -07.9954 24275.4
 16 03 2015  12 43  -17.4545 24040.4 -03375.6 -07.9928 24276.2
 16 03 2015  12 44  -17.4545 24040.6 -03375.4 -07.9923 24276.4
 16 03 2015  12 45  -17.4543 24040.8 -03375.3 -07.9919 24276.5
 16 03 2015  12 46  -17.4543 24040.8 -03375.0 -07.9913 24276.5
 16 03 2015  12 47  -17.4548 24040.6 -03375.4 -07.9924 24276.4
 16 03 2015  12 48  -17.4554 24040.5 -03375.4 -07.9923 24276.3
 16 03 2015  12 49  -17.4562 24040.5 -03375.2 -07.9920 24276.3
 16 03 2015  12 50  -17.4569 24040.5 -03374.7 -07.9906 24276.2
 16 03 2015  12 51  -17.4575 24040.0 -03375.2 -07.9920 24275.8
 16 03 2015  12 52  -17.4577 24039.5 -03376.3 -07.9948 24275.4
 16 03 2015  12 53  -17.4580 24039.2 -03375.9 -07.9940 24275.1
 16 03 2015  12 54  -17.4581 24039.3 -03375.9 -07.9940 24275.2
 16 03 2015  12 55  -17.4578 24039.3 -03376.4 -07.9952 24275.2
 16 03 2015  12 56  -17.4576 24039.8 -03376.6 -07.9954 24275.7
 16 03 2015  12 57  -17.4569 24040.7 -03376.4 -07.9946 24276.7
 16 03 2015  12 58  -17.4567 24041.1 -03376.3 -07.9943 24277.0
 16 03 2015  12 59  -17.4567 24042.2 -03376.2 -07.9937 24278.1
 16 03 2015  13 00  -17.4542 24044.7 -03375.1 -07.9902 24280.4
 16 03 2015  13 01  -17.4535 24046.0 -03374.3 -07.9879 24281.6
 16 03 2015  13 02  -17.4533 24045.6 -03374.2 -07.9878 24281.2
 16 03 2015  13 03  -17.4541 24045.4 -03374.3 -07.9882 24281.0
 16 03 2015  13 04  -17.4550 24045.4 -03374.4 -07.9883 24281.0
 16 03 2015  13 05  -17.4547 24045.8 -03374.8 -07.9891 24281.5
 16 03 2015  13 06  -17.4510 24048.4 -03374.2 -07.9869 24284.0
 16 03 2015  13 07  -17.4523 24047.5 -03374.4 -07.9878 24283.1
 16 03 2015  13 08  -17.4535 24047.8 -03374.1 -07.9868 24283.4
 16 03 2015  13 09  -17.4535 24049.6 -03373.1 -07.9841 24285.0
 16 03 2015  13 10  -17.4538 24050.3 -03372.0 -07.9812 24285.6
 16 03 2015  13 11  -17.4544 24048.5 -03372.1 -07.9820 24283.8
 16 03 2015  13 12  -17.4572 24043.2 -03374.5 -07.9894 24278.9
 16 03 2015  13 13  -17.4589 24039.9 -03376.7 -07.9955 24275.9
 16 03 2015  13 14  -17.4604 24037.6 -03378.0 -07.9994 24273.7
 16 03 2015  13 15  -17.4621 24035.0 -03379.5 -08.0037 24271.4
 16 03 2015  13 16  -17.4638 24033.6 -03380.4 -08.0062 24270.1
 16 03 2015  13 17  -17.4648 24033.7 -03380.2 -08.0059 24270.3
 16 03 2015  13 18  -17.4657 24033.5 -03380.2 -08.0059 24270.1
 16 03 2015  13 19  -17.4667 24033.5 -03380.5 -08.0066 24270.1
 16 03 2015  13 20  -17.4670 24033.8 -03380.5 -08.0065 24270.4
 16 03 2015  13 21  -17.4669 24035.1 -03380.5 -08.0060 24271.7
 16 03 2015  13 22  -17.4663 24037.4 -03379.8 -08.0037 24273.8
 16 03 2015  13 23  -17.4657 24039.4 -03378.6 -08.0003 24275.6
 16 03 2015  13 24  -17.4655 24040.9 -03377.9 -07.9981 24277.1
 16 03 2015  13 25  -17.4652 24042.9 -03377.1 -07.9956 24278.9
 16 03 2015  13 26  -17.4632 24046.0 -03376.0 -07.9919 24281.9
 16 03 2015  13 27  -17.4602 24049.3 -03375.4 -07.9894 24285.0
 16 03 2015  13 28  -17.4573 24053.0 -03374.3 -07.9857 24288.5
 16 03 2015  13 29  -17.4558 24055.4 -03373.8 -07.9837 24290.8
 16 03 2015  13 30  -17.4543 24058.5 -03372.7 -07.9802 24293.7
 16 03 2015  13 31  -17.4520 24063.3 -03370.2 -07.9728 24298.2
 16 03 2015  13 32  -17.4512 24066.7 -03367.6 -07.9655 24301.2
 16 03 2015  13 33  -17.4539 24065.4 -03367.5 -07.9658 24299.8
 16 03 2015  13 34  -17.4574 24062.5 -03368.9 -07.9700 24297.2
 16 03 2015  13 35  -17.4593 24060.4 -03370.4 -07.9741 24295.3
 16 03 2015  13 36  -17.4592 24061.2 -03369.8 -07.9724 24296.0
 16 03 2015  13 37  -17.4600 24059.9 -03369.8 -07.9729 24294.7
 16 03 2015  13 38  -17.4616 24056.9 -03371.4 -07.9776 24292.0
 16 03 2015  13 39  -17.4628 24054.6 -03372.8 -07.9816 24289.9
 16 03 2015  13 40  -17.4640 24052.8 -03373.7 -07.9844 24288.3
 16 03 2015  13 41  -17.4638 24051.5 -03373.5 -07.9842 24287.0
 16 03 2015  13 42  -17.4639 24049.8 -03374.6 -07.9875 24285.4
 16 03 2015  13 43  -17.4646 24048.0 -03376.9 -07.9933 24283.9
 16 03 2015  13 44  -17.4654 24047.4 -03377.7 -07.9954 24283.5
 16 03 2015  13 45  -17.4647 24048.7 -03375.6 -07.9901 24284.5
 16 03 2015  13 46  -17.4652 24048.7 -03376.4 -07.9920 24284.6
 16 03 2015  13 47  -17.4666 24047.6 -03376.2 -07.9919 24283.4
 16 03 2015  13 48  -17.4670 24048.0 -03377.1 -07.9940 24283.9
 16 03 2015  13 49  -17.4666 24049.0 -03376.9 -07.9930 24285.0
 16 03 2015  13 50  -17.4662 24050.5 -03376.1 -07.9908 24286.3
 16 03 2015  13 51  -17.4663 24050.9 -03373.4 -07.9842 24286.4
 16 03 2015  13 52  -17.4687 24049.1 -03376.4 -07.9919 24285.0
 16 03 2015  13 53  -17.4697 24048.7 -03376.1 -07.9912 24284.5
 16 03 2015  13 54  -17.4693 24049.8 -03376.4 -07.9916 24285.7
 16 03 2015  13 55  -17.4690 24050.8 -03375.8 -07.9900 24286.5
 16 03 2015  13 56  -17.4692 24051.7 -03375.8 -07.9897 24287.5
 16 03 2015  13 57  -17.4694 24052.5 -03375.0 -07.9873 24288.2
 16 03 2015  13 58  -17.4693 24053.9 -03374.5 -07.9858 24289.4
 16 03 2015  13 59  -17.4692 24055.6 -03373.7 -07.9833 24291.0
 16 03 2015  14 00  -17.4689 24057.3 -03372.6 -07.9803 24292.6
 16 03 2015  14 01  -17.4692 24057.8 -03372.1 -07.9791 24293.0
 16 03 2015  14 02  -17.4695 24058.0 -03371.9 -07.9784 24293.1
 16 03 2015  14 03  -17.4698 24058.0 -03371.8 -07.9781 24293.1
 16 03 2015  14 04  -17.4704 24057.5 -03372.1 -07.9790 24292.7
 16 03 2015  14 05  -17.4707 24057.5 -03372.3 -07.9796 24292.7
 16 03 2015  14 06  -17.4704 24058.3 -03371.9 -07.9783 24293.5
 16 03 2015  14 07  -17.4700 24059.3 -03371.3 -07.9766 24294.4
 16 03 2015  14 08  -17.4697 24060.5 -03370.8 -07.9751 24295.5
 16 03 2015  14 09  -17.4697 24061.2 -03370.3 -07.9736 24296.1
 16 03 2015  14 10  -17.4693 24062.4 -03369.6 -07.9716 24297.2
 16 03 2015  14 11  -17.4695 24062.6 -03369.2 -07.9707 24297.3
 16 03 2015  14 12  -17.4701 24062.0 -03369.3 -07.9711 24296.8
 16 03 2015  14 13  -17.4707 24061.8 -03369.4 -07.9714 24296.6
 16 03 2015  14 14  -17.4725 24059.9 -03369.8 -07.9729 24294.8
 16 03 2015  14 15  -17.4731 24058.7 -03370.7 -07.9753 24293.6
 16 03 2015  14 16  -17.4720 24059.9 -03370.3 -07.9741 24294.8
 16 03 2015  14 17  -17.4728 24059.4 -03370.1 -07.9738 24294.3
 16 03 2015  14 18  -17.4742 24058.6 -03370.5 -07.9749 24293.5
 16 03 2015  14 19  -17.4750 24058.8 -03370.1 -07.9739 24293.6
 16 03 2015  14 20  -17.4752 24059.2 -03369.5 -07.9724 24294.0
 16 03 2015  14 21  -17.4752 24059.1 -03369.3 -07.9720 24293.9
 16 03 2015  14 22  -17.4759 24058.2 -03369.6 -07.9729 24293.0
 16 03 2015  14 23  -17.4761 24058.3 -03369.8 -07.9734 24293.2
 16 03 2015  14 24  -17.4766 24058.2 -03369.8 -07.9733 24293.1
 16 03 2015  14 25  -17.4778 24057.4 -03370.1 -07.9745 24292.3
 16 03 2015  14 26  -17.4782 24057.3 -03370.3 -07.9749 24292.2
 16 03 2015  14 27  -17.4770 24059.3 -03369.5 -07.9724 24294.1
 16 03 2015  14 28  -17.4758 24061.3 -03368.4 -07.9691 24295.9
 16 03 2015  14 29  -17.4755 24062.0 -03367.7 -07.9674 24296.5
 16 03 2015  14 30  -17.4753 24062.5 -03367.3 -07.9663 24297.0
 16 03 2015  14 31  -17.4753 24062.4 -03367.2 -07.9660 24296.8
 16 03 2015  14 32  -17.4749 24063.4 -03366.9 -07.9649 24297.8
 16 03 2015  14 33  -17.4746 24063.6 -03366.5 -07.9639 24297.9
 16 03 2015  14 34  -17.4743 24063.5 -03366.4 -07.9638 24297.8
 16 03 2015  14 35  -17.4745 24062.9 -03366.8 -07.9649 24297.3
 16 03 2015  14 36  -17.4742 24062.7 -03366.9 -07.9652 24297.2
 16 03 2015  14 37  -17.4734 24063.2 -03366.6 -07.9643 24297.5
 16 03 2015  14 38  -17.4725 24063.9 -03366.4 -07.9636 24298.2
 16 03 2015  14 39  -17.4712 24065.4 -03365.5 -07.9612 24299.6
 16 03 2015  14 40  -17.4706 24065.7 -03365.4 -07.9608 24299.9
 16 03 2015  14 41  -17.4706 24065.2 -03365.4 -07.9610 24299.4
 16 03 2015  14 42  -17.4705 24065.6 -03365.2 -07.9604 24299.7
 16 03 2015  14 43  -17.4701 24066.3 -03364.9 -07.9594 24300.4
 16 03 2015  14 44  -17.4687 24068.2 -03364.2 -07.9572 24302.1
 16 03 2015  14 45  -17.4677 24069.2 -03364.0 -07.9564 24303.2
 16 03 2015  14 46  -17.4672 24069.8 -03363.9 -07.9559 24303.8
 16 03 2015  14 47  -17.4673 24070.2 -03363.8 -07.9556 24304.1
 16 03 2015  14 48  -17.4681 24070.7 -03363.5 -07.9547 24304.6
 16 03 2015  14 49  -17.4683 24071.9 -03362.5 -07.9519 24305.6
 16 03 2015  14 50  -17.4683 24072.2 -03362.0 -07.9507 24305.9
 16 03 2015  14 51  -17.4677 24073.4 -03361.8 -07.9497 24306.9
 16 03 2015  14 52  -17.4672 24073.3 -03361.6 -07.9493 24306.9
 16 03 2015  14 53  -17.4665 24072.5 -03361.6 -07.9496 24306.1
 16 03 2015  14 54  -17.4661 24071.0 -03362.3 -07.9517 24304.7
 16 03 2015  14 55  -17.4650 24072.0 -03362.3 -07.9514 24305.7
 16 03 2015  14 56  -17.4633 24074.4 -03361.4 -07.9486 24307.9
 16 03 2015  14 57  -17.4610 24077.1 -03360.4 -07.9453 24310.5
 16 03 2015  14 58  -17.4592 24078.8 -03359.3 -07.9422 24312.0
 16 03 2015  14 59  -17.4578 24080.2 -03358.4 -07.9396 24313.2
 16 03 2015  15 00  -17.4578 24079.5 -03358.1 -07.9393 24312.5
 16 03 2015  15 01  -17.4580 24078.6 -03358.3 -07.9399 24311.7
 16 03 2015  15 02  -17.4582 24078.3 -03358.3 -07.9400 24311.4
 16 03 2015  15 03  -17.4582 24077.9 -03358.4 -07.9403 24311.0
 16 03 2015  15 04  -17.4584 24077.1 -03358.7 -07.9412 24310.2
 16 03 2015  15 05  -17.4586 24076.5 -03359.2 -07.9427 24309.7
 16 03 2015  15 06  -17.4586 24077.1 -03359.0 -07.9421 24310.3
 16 03 2015  15 07  -17.4582 24077.7 -03358.6 -07.9410 24310.8
 16 03 2015  15 08  -17.4578 24078.1 -03358.2 -07.9398 24311.2
 16 03 2015  15 09  -17.4579 24077.7 -03358.0 -07.9396 24310.8
 16 03 2015  15 10  -17.4582 24076.9 -03358.1 -07.9400 24310.0
 16 03 2015  15 11  -17.4588 24075.8 -03358.4 -07.9411 24308.9
 16 03 2015  15 12  -17.4591 24074.3 -03358.8 -07.9426 24307.5
 16 03 2015  15 13  -17.4595 24072.7 -03359.6 -07.9448 24306.0
 16 03 2015  15 14  -17.4598 24071.4 -03360.1 -07.9465 24304.8
 16 03 2015  15 15  -17.4598 24071.0 -03360.3 -07.9470 24304.4
 16 03 2015  15 16  -17.4598 24070.9 -03360.1 -07.9467 24304.3
 16 03 2015  15 17  -17.4599 24070.9 -03359.9 -07.9461 24304.2
 16 03 2015  15 18  -17.4602 24070.8 -03359.7 -07.9458 24304.1
 16 03 2015  15 19  -17.4602 24070.9 -03359.5 -07.9453 24304.2
 16 03 2015  15 20  -17.4598 24071.1 -03359.3 -07.9446 24304.4
 16 03 2015  15 21  -17.4593 24071.5 -03358.9 -07.9437 24304.8
 16 03 2015  15 22  -17.4592 24071.8 -03358.6 -07.9428 24305.0
 16 03 2015  15 23  -17.4583 24072.7 -03358.1 -07.9413 24305.8
 16 03 2015  15 24  -17.4573 24073.6 -03357.7 -07.9401 24306.7
 16 03 2015  15 25  -17.4563 24074.9 -03357.4 -07.9390 24307.9
 16 03 2015  15 26  -17.4551 24076.5 -03357.0 -07.9375 24309.4
 16 03 2015  15 27  -17.4538 24078.4 -03356.0 -07.9346 24311.2
 16 03 2015  15 28  -17.4525 24080.3 -03355.2 -07.9322 24313.0
 16 03 2015  15 29  -17.4512 24082.5 -03354.4 -07.9295 24314.9
 16 03 2015  15 30  -17.4497 24084.1 -03353.0 -07.9257 24316.4
 16 03 2015  15 31  -17.4487 24084.8 -03352.8 -07.9251 24317.1
 16 03 2015  15 32  -17.4480 24084.8 -03352.5 -07.9245 24317.0
 16 03 2015  15 33  -17.4477 24084.5 -03352.5 -07.9245 24316.7
 16 03 2015  15 34  -17.4475 24083.8 -03352.5 -07.9248 24316.1
 16 03 2015  15 35  -17.4474 24083.1 -03352.7 -07.9253 24315.3
 16 03 2015  15 36  -17.4472 24082.0 -03352.8 -07.9261 24314.3
 16 03 2015  15 37  -17.4474 24080.9 -03352.5 -07.9256 24313.2
 16 03 2015  15 38  -17.4481 24079.4 -03352.6 -07.9265 24311.7
 16 03 2015  15 39  -17.4486 24077.5 -03352.8 -07.9275 24309.8
 16 03 2015  15 40  -17.4488 24075.0 -03353.7 -07.9303 24307.5
 16 03 2015  15 41  -17.4493 24072.1 -03354.5 -07.9331 24304.7
 16 03 2015  15 42  -17.4496 24070.6 -03355.2 -07.9353 24303.4
 16 03 2015  15 43  -17.4495 24070.7 -03355.1 -07.9350 24303.4
 16 03 2015  15 44  -17.4488 24071.8 -03354.6 -07.9335 24304.5
 16 03 2015  15 45  -17.4475 24074.0 -03353.4 -07.9301 24306.5
 16 03 2015  15 46  -17.4466 24075.7 -03352.5 -07.9274 24308.0
 16 03 2015  15 47  -17.4456 24077.1 -03351.7 -07.9251 24309.3
 16 03 2015  15 48  -17.4443 24078.3 -03351.0 -07.9230 24310.4
 16 03 2015  15 49  -17.4435 24079.0 -03350.6 -07.9219 24311.0
 16 03 2015  15 50  -17.4424 24079.7 -03350.1 -07.9205 24311.6
 16 03 2015  15 51  -17.4413 24080.2 -03349.7 -07.9193 24312.1
 16 03 2015  15 52  -17.4406 24079.8 -03349.6 -07.9193 24311.7
 16 03 2015  15 53  -17.4397 24080.0 -03349.4 -07.9186 24311.8
 16 03 2015  15 54  -17.4387 24080.2 -03348.9 -07.9175 24312.0
 16 03 2015  15 55  -17.4383 24080.2 -03348.6 -07.9169 24312.0
 16 03 2015  15 56  -17.4380 24080.6 -03348.3 -07.9161 24312.2
 16 03 2015  15 57  -17.4380 24080.4 -03348.1 -07.9155 24312.0
 16 03 2015  15 58  -17.4381 24079.9 -03348.0 -07.9155 24311.6
 16 03 2015  15 59  -17.4379 24080.0 -03347.8 -07.9149 24311.6
 16 03 2015  16 00  -17.4378 24079.7 -03347.6 -07.9145 24311.3
 16 03 2015  16 01  -17.4377 24078.9 -03347.8 -07.9152 24310.5
 16 03 2015  16 02  -17.4375 24078.8 -03347.7 -07.9152 24310.4
 16 03 2015  16 03  -17.4371 24079.1 -03347.4 -07.9144 24310.7
 16 03 2015  16 04  -17.4361 24079.3 -03347.2 -07.9137 24310.8
 16 03 2015  16 05  -17.4355 24079.6 -03346.9 -07.9129 24311.1
 16 03 2015  16 06  -17.4350 24079.8 -03346.6 -07.9121 24311.3
 16 03 2015  16 07  -17.4344 24080.1 -03346.2 -07.9113 24311.4
 16 03 2015  16 08  -17.4338 24080.0 -03346.1 -07.9110 24311.4
 16 03 2015  16 09  -17.4331 24080.4 -03345.7 -07.9101 24311.7
 16 03 2015  16 10  -17.4326 24080.8 -03345.7 -07.9099 24312.1
 16 03 2015  16 11  -17.4320 24080.9 -03345.5 -07.9093 24312.2
 16 03 2015  16 12  -17.4316 24080.7 -03345.4 -07.9091 24312.0
 16 03 2015  16 13  -17.4312 24080.4 -03345.4 -07.9091 24311.6
 16 03 2015  16 14  -17.4312 24079.8 -03345.6 -07.9099 24311.1
 16 03 2015  16 15  -17.4310 24080.5 -03345.3 -07.9089 24311.8
 16 03 2015  16 16  -17.4301 24082.2 -03344.9 -07.9074 24313.4
 16 03 2015  16 17  -17.4284 24084.0 -03344.4 -07.9058 24315.1
 16 03 2015  16 18  -17.4273 24085.0 -03344.7 -07.9061 24316.1
 16 03 2015  16 19  -17.4259 24086.9 -03344.1 -07.9041 24317.9
 16 03 2015  16 20  -17.4244 24088.7 -03343.8 -07.9027 24319.7
 16 03 2015  16 21  -17.4223 24090.0 -03343.2 -07.9010 24320.9
 16 03 2015  16 22  -17.4209 24088.8 -03343.2 -07.9013 24319.7
 16 03 2015  16 23  -17.4206 24086.2 -03343.9 -07.9039 24317.3
 16 03 2015  16 24  -17.4213 24083.6 -03344.3 -07.9057 24314.7
 16 03 2015  16 25  -17.4217 24081.4 -03344.7 -07.9072 24312.6
 16 03 2015  16 26  -17.4226 24079.6 -03345.1 -07.9089 24310.8
 16 03 2015  16 27  -17.4234 24078.2 -03346.0 -07.9113 24309.6
 16 03 2015  16 28  -17.4252 24077.2 -03346.9 -07.9138 24308.7
 16 03 2015  16 29  -17.4263 24077.4 -03347.3 -07.9146 24308.9
 16 03 2015  16 30  -17.4259 24079.0 -03346.9 -07.9132 24310.5
 16 03 2015  16 31  -17.4249 24081.2 -03346.0 -07.9104 24312.5
 16 03 2015  16 32  -17.4237 24083.6 -03344.8 -07.9069 24314.8
 16 03 2015  16 33  -17.4226 24084.0 -03344.6 -07.9061 24315.1
 16 03 2015  16 34  -17.4223 24082.6 -03345.0 -07.9077 24313.8
 16 03 2015  16 35  -17.4226 24080.6 -03345.7 -07.9098 24312.0
 16 03 2015  16 36  -17.4237 24079.4 -03346.1 -07.9111 24310.8
 16 03 2015  16 37  -17.4246 24078.8 -03346.1 -07.9113 24310.2
 16 03 2015  16 38  -17.4250 24078.4 -03346.3 -07.9119 24309.9
 16 03 2015  16 39  -17.4256 24078.2 -03346.7 -07.9129 24309.7
 16 03 2015  16 40  -17.4266 24078.7 -03346.7 -07.9129 24310.1
 16 03 2015  16 41  -17.4267 24080.2 -03346.2 -07.9112 24311.6
 16 03 2015  16 42  -17.4262 24082.2 -03345.4 -07.9087 24313.4
 16 03 2015  16 43  -17.4251 24083.2 -03345.0 -07.9073 24314.4
 16 03 2015  16 44  -17.4245 24083.2 -03344.9 -07.9072 24314.4
 16 03 2015  16 45  -17.4242 24082.8 -03345.1 -07.9078 24314.0
 16 03 2015  16 46  -17.4242 24082.2 -03345.2 -07.9083 24313.4
 16 03 2015  16 47  -17.4240 24081.7 -03345.2 -07.9085 24312.9
 16 03 2015  16 48  -17.4240 24080.6 -03345.5 -07.9094 24311.9
 16 03 2015  16 49  -17.4245 24079.6 -03345.7 -07.9103 24310.9
 16 03 2015  16 50  -17.4259 24078.5 -03346.0 -07.9112 24309.9
 16 03 2015  16 51  -17.4267 24078.5 -03345.9 -07.9111 24309.9
 16 03 2015  16 52  -17.4271 24078.5 -03345.9 -07.9111 24309.9
 16 03 2015  16 53  -17.4277 24078.1 -03346.0 -07.9113 24309.5
 16 03 2015  16 54  -17.4276 24077.8 -03345.8 -07.9110 24309.1
 16 03 2015  16 55  -17.4277 24077.0 -03345.7 -07.9110 24308.4
 16 03 2015  16 56  -17.4288 24075.7 -03346.0 -07.9122 24307.1
 16 03 2015  16 57  -17.4298 24074.1 -03346.6 -07.9140 24305.6
 16 03 2015  16 58  -17.4304 24073.0 -03347.1 -07.9155 24304.6
 16 03 2015  16 59  -17.4312 24072.2 -03347.5 -07.9169 24303.8
 16 03 2015  17 00  -17.4315 24071.6 -03347.6 -07.9173 24303.3
 16 03 2015  17 01  -17.4319 24070.8 -03347.5 -07.9174 24302.5
 16 03 2015  17 02  -17.4328 24069.6 -03347.8 -07.9185 24301.4
 16 03 2015  17 03  -17.4333 24068.8 -03347.8 -07.9187 24300.5
 16 03 2015  17 04  -17.4334 24066.7 -03348.2 -07.9203 24298.5
 16 03 2015  17 05  -17.4342 24064.1 -03348.5 -07.9219 24296.0
 16 03 2015  17 06  -17.4367 24060.7 -03349.1 -07.9242 24292.7
 16 03 2015  17 07  -17.4386 24058.6 -03349.6 -07.9262 24290.7
 16 03 2015  17 08  -17.4403 24057.9 -03349.9 -07.9270 24290.0
 16 03 2015  17 09  -17.4410 24057.5 -03349.7 -07.9267 24289.6
 16 03 2015  17 10  -17.4416 24057.6 -03349.4 -07.9260 24289.6
 16 03 2015  17 11  -17.4426 24057.2 -03349.6 -07.9265 24289.3
 16 03 2015  17 12  -17.4426 24058.1 -03349.0 -07.9249 24290.1
 16 03 2015  17 13  -17.4427 24059.0 -03348.3 -07.9229 24290.9
 16 03 2015  17 14  -17.4434 24059.1 -03348.0 -07.9222 24290.9
 16 03 2015  17 15  -17.4443 24058.8 -03348.1 -07.9225 24290.6
 16 03 2015  17 16  -17.4449 24058.3 -03348.1 -07.9227 24290.2
 16 03 2015  17 17  -17.4450 24058.1 -03348.0 -07.9226 24289.9
 16 03 2015  17 18  -17.4452 24058.5 -03347.8 -07.9221 24290.3
 16 03 2015  17 19  -17.4453 24059.9 -03347.3 -07.9204 24291.6
 16 03 2015  17 20  -17.4446 24062.3 -03346.7 -07.9181 24293.9
 16 03 2015  17 21  -17.4435 24064.9 -03346.0 -07.9157 24296.5
 16 03 2015  17 22  -17.4427 24069.1 -03345.0 -07.9120 24300.4
 16 03 2015  17 23  -17.4401 24077.4 -03342.8 -07.9041 24308.3
 16 03 2015  17 24  -17.4380 24085.4 -03340.6 -07.8964 24316.0
 16 03 2015  17 25  -17.4346 24092.8 -03338.8 -07.8897 24323.0
 16 03 2015  17 26  -17.4296 24099.6 -03336.5 -07.8822 24329.5
 16 03 2015  17 27  -17.4252 24103.2 -03335.0 -07.8776 24332.8
 16 03 2015  17 28  -17.4223 24103.8 -03334.8 -07.8768 24333.4
 16 03 2015  17 29  -17.4221 24102.0 -03335.7 -07.8796 24331.7
 16 03 2015  17 30  -17.4226 24100.0 -03336.8 -07.8829 24329.9
 16 03 2015  17 31  -17.4230 24099.1 -03337.6 -07.8851 24329.1
 16 03 2015  17 32  -17.4233 24099.4 -03338.0 -07.8859 24329.5
 16 03 2015  17 33  -17.4239 24100.9 -03337.9 -07.8851 24331.0
 16 03 2015  17 34  -17.4247 24101.5 -03337.9 -07.8849 24331.5
 16 03 2015  17 35  -17.4254 24100.7 -03338.2 -07.8858 24330.8
 16 03 2015  17 36  -17.4267 24098.0 -03338.9 -07.8884 24328.2
 16 03 2015  17 37  -17.4290 24093.8 -03340.2 -07.8927 24324.3
 16 03 2015  17 38  -17.4318 24090.2 -03341.4 -07.8968 24320.8
 16 03 2015  17 39  -17.4349 24088.6 -03342.2 -07.8992 24319.4
 16 03 2015  17 40  -17.4380 24088.2 -03342.5 -07.9000 24319.0
 16 03 2015  17 41  -17.4402 24086.9 -03342.9 -07.9013 24317.8
 16 03 2015  17 42  -17.4416 24085.7 -03343.0 -07.9019 24316.6
 16 03 2015  17 43  -17.4427 24082.7 -03343.6 -07.9042 24313.7
 16 03 2015  17 44  -17.4442 24078.5 -03344.2 -07.9071 24309.6
 16 03 2015  17 45  -17.4466 24073.6 -03345.4 -07.9115 24304.9
 16 03 2015  17 46  -17.4495 24069.4 -03346.5 -07.9154 24300.9
 16 03 2015  17 47  -17.4528 24068.0 -03346.8 -07.9165 24299.5
 16 03 2015  17 48  -17.4554 24068.5 -03346.6 -07.9159 24300.0
 16 03 2015  17 49  -17.4567 24070.0 -03345.9 -07.9137 24301.5
 16 03 2015  17 50  -17.4574 24071.6 -03344.9 -07.9109 24302.9
 16 03 2015  17 51  -17.4570 24073.4 -03344.3 -07.9088 24304.6
 16 03 2015  17 52  -17.4566 24074.1 -03343.6 -07.9070 24305.2
 16 03 2015  17 53  -17.4562 24075.1 -03342.9 -07.9051 24306.1
 16 03 2015  17 54  -17.4561 24076.3 -03342.3 -07.9034 24307.2
 16 03 2015  17 55  -17.4566 24076.9 -03342.3 -07.9032 24307.7
 16 03 2015  17 56  -17.4566 24077.5 -03341.8 -07.9019 24308.3
 16 03 2015  17 57  -17.4561 24078.2 -03341.3 -07.9003 24308.9
 16 03 2015  17 58  -17.4560 24078.0 -03341.0 -07.8998 24308.7
 16 03 2015  17 59  -17.4560 24077.3 -03341.2 -07.9004 24308.0
 16 03 2015  18 00  -17.4557 24076.4 -03341.2 -07.9007 24307.1
 16 03 2015  18 01  -17.4557 24074.7 -03341.4 -07.9018 24305.4
 16 03 2015  18 02  -17.4562 24070.6 -03341.9 -07.9043 24301.5
 16 03 2015  18 03  -17.4567 24066.7 -03342.5 -07.9070 24297.7
 16 03 2015  18 04  -17.4576 24063.5 -03343.3 -07.9099 24294.6
 16 03 2015  18 05  -17.4594 24061.2 -03343.5 -07.9110 24292.4
 16 03 2015  18 06  -17.4619 24059.4 -03344.0 -07.9128 24290.7
 16 03 2015  18 07  -17.4633 24059.3 -03343.9 -07.9126 24290.6
 16 03 2015  18 08  -17.4638 24060.5 -03343.0 -07.9101 24291.6
 16 03 2015  18 09  -17.4637 24061.3 -03342.4 -07.9084 24292.3
 16 03 2015  18 10  -17.4636 24061.9 -03341.9 -07.9070 24292.9
 16 03 2015  18 11  -17.4634 24062.7 -03341.3 -07.9054 24293.6
 16 03 2015  18 12  -17.4630 24063.6 -03340.7 -07.9038 24294.4
 16 03 2015  18 13  -17.4622 24064.3 -03340.2 -07.9022 24295.0
 16 03 2015  18 14  -17.4616 24064.3 -03339.9 -07.9016 24295.0
 16 03 2015  18 15  -17.4614 24064.4 -03339.6 -07.9008 24295.0
 16 03 2015  18 16  -17.4614 24064.3 -03339.3 -07.9003 24294.9
 16 03 2015  18 17  -17.4613 24063.9 -03339.3 -07.9003 24294.5
 16 03 2015  18 18  -17.4611 24064.1 -03339.0 -07.8996 24294.7
 16 03 2015  18 19  -17.4612 24064.4 -03338.8 -07.8990 24294.9
 16 03 2015  18 20  -17.4612 24065.2 -03338.4 -07.8978 24295.6
 16 03 2015  18 21  -17.4605 24066.4 -03337.9 -07.8963 24296.8
 16 03 2015  18 22  -17.4601 24067.2 -03337.7 -07.8955 24297.5
 16 03 2015  18 23  -17.4593 24067.8 -03337.4 -07.8947 24298.1
 16 03 2015  18 24  -17.4588 24067.9 -03337.4 -07.8945 24298.2
 16 03 2015  18 25  -17.4579 24067.4 -03337.5 -07.8951 24297.7
 16 03 2015  18 26  -17.4569 24066.9 -03337.4 -07.8950 24297.2
 16 03 2015  18 27  -17.4566 24066.0 -03337.4 -07.8954 24296.3
 16 03 2015  18 28  -17.4583 24065.1 -03337.2 -07.8950 24295.4
 16 03 2015  18 29  -17.4584 24064.0 -03337.3 -07.8957 24294.3
 16 03 2015  18 30  -17.4589 24063.2 -03337.5 -07.8964 24293.5
 16 03 2015  18 31  -17.4589 24063.0 -03337.4 -07.8963 24293.3
 16 03 2015  18 32  -17.4572 24062.8 -03337.7 -07.8970 24293.1
 16 03 2015  18 33  -17.4570 24062.6 -03337.8 -07.8972 24293.0
 16 03 2015  18 34  -17.4566 24062.8 -03337.6 -07.8967 24293.2
 16 03 2015  18 35  -17.4560 24063.4 -03337.3 -07.8959 24293.7
 16 03 2015  18 36  -17.4552 24064.2 -03337.0 -07.8948 24294.5
 16 03 2015  18 37  -17.4545 24064.8 -03336.6 -07.8938 24295.0
 16 03 2015  18 38  -17.4536 24064.3 -03336.6 -07.8940 24294.5
 16 03 2015  18 39  -17.4534 24062.9 -03336.9 -07.8950 24293.2
 16 03 2015  18 40  -17.4538 24061.4 -03337.2 -07.8962 24291.7
 16 03 2015  18 41  -17.4536 24060.0 -03337.4 -07.8972 24290.4
 16 03 2015  18 42  -17.4538 24058.4 -03337.7 -07.8983 24288.9
 16 03 2015  18 43  -17.4543 24056.9 -03337.9 -07.8995 24287.4
 16 03 2015  18 44  -17.4548 24056.0 -03337.9 -07.8996 24286.5
 16 03 2015  18 45  -17.4553 24055.2 -03337.8 -07.8996 24285.7
 16 03 2015  18 46  -17.4558 24054.4 -03337.8 -07.9000 24284.9
 16 03 2015  18 47  -17.4559 24053.8 -03337.8 -07.9002 24284.3
 16 03 2015  18 48  -17.4560 24053.3 -03337.7 -07.9000 24283.8
 16 03 2015  18 49  -17.4564 24052.9 -03337.4 -07.8994 24283.4
 16 03 2015  18 50  -17.4570 24052.5 -03337.6 -07.8999 24283.0
 16 03 2015  18 51  -17.4573 24052.8 -03337.2 -07.8991 24283.3
 16 03 2015  18 52  -17.4571 24053.3 -03336.9 -07.8981 24283.7
 16 03 2015  18 53  -17.4567 24053.7 -03336.5 -07.8972 24284.0
 16 03 2015  18 54  -17.4566 24053.8 -03336.2 -07.8965 24284.1
 16 03 2015  18 55  -17.4562 24054.2 -03336.0 -07.8957 24284.4
 16 03 2015  18 56  -17.4560 24055.3 -03335.6 -07.8946 24285.4
 16 03 2015  18 57  -17.4556 24056.7 -03335.1 -07.8929 24286.8
 16 03 2015  18 58  -17.4548 24058.3 -03334.8 -07.8917 24288.3
 16 03 2015  18 59  -17.4540 24059.5 -03334.6 -07.8908 24289.5
 16 03 2015  19 00  -17.4529 24060.1 -03334.2 -07.8896 24290.0
 16 03 2015  19 01  -17.4523 24059.8 -03334.3 -07.8901 24289.7
 16 03 2015  19 02  -17.4519 24058.9 -03334.6 -07.8910 24288.9
 16 03 2015  19 03  -17.4518 24058.0 -03334.8 -07.8918 24288.0
 16 03 2015  19 04  -17.4521 24057.1 -03335.1 -07.8928 24287.1
 16 03 2015  19 05  -17.4526 24056.0 -03335.4 -07.8938 24286.2
 16 03 2015  19 06  -17.4532 24055.6 -03335.5 -07.8941 24285.8
 16 03 2015  19 07  -17.4531 24056.1 -03335.3 -07.8934 24286.2
 16 03 2015  19 08  -17.4531 24056.1 -03335.2 -07.8932 24286.2
 16 03 2015  19 09  -17.4533 24055.8 -03335.3 -07.8936 24285.9
 16 03 2015  19 10  -17.4527 24055.8 -03335.2 -07.8935 24285.9
 16 03 2015  19 11  -17.4525 24055.2 -03335.4 -07.8939 24285.3
 16 03 2015  19 12  -17.4526 24054.2 -03335.6 -07.8948 24284.4
 16 03 2015  19 13  -17.4529 24053.3 -03335.8 -07.8956 24283.5
 16 03 2015  19 14  -17.4531 24052.4 -03336.0 -07.8964 24282.6
 16 03 2015  19 15  -17.4533 24051.7 -03336.2 -07.8970 24281.9
 16 03 2015  19 16  -17.4536 24051.0 -03336.3 -07.8975 24281.3
 16 03 2015  19 17  -17.4538 24050.5 -03336.4 -07.8979 24280.8
 16 03 2015  19 18  -17.4539 24049.9 -03336.4 -07.8982 24280.2
 16 03 2015  19 19  -17.4541 24049.3 -03336.6 -07.8987 24279.6
 16 03 2015  19 20  -17.4540 24048.8 -03336.5 -07.8988 24279.2
 16 03 2015  19 21  -17.4537 24048.4 -03336.6 -07.8990 24278.8
 16 03 2015  19 22  -17.4538 24047.9 -03336.7 -07.8994 24278.3
 16 03 2015  19 23  -17.4539 24047.4 -03336.8 -07.8999 24277.8
 16 03 2015  19 24  -17.4537 24047.1 -03336.8 -07.9000 24277.5
 16 03 2015  19 25  -17.4535 24047.0 -03336.8 -07.8999 24277.4
 16 03 2015  19 26  -17.4534 24047.2 -03336.7 -07.8996 24277.6
 16 03 2015  19 27  -17.4534 24047.3 -03336.7 -07.8996 24277.7
 16 03 2015  19 28  -17.4535 24047.0 -03336.6 -07.8996 24277.4
 16 03 2015  19 29  -17.4535 24046.6 -03337.0 -07.9005 24277.0
 16 03 2015  19 30  -17.4534 24046.3 -03336.9 -07.9003 24276.7
 16 03 2015  19 31  -17.4537 24045.7 -03337.0 -07.9009 24276.2
 16 03 2015  19 32  -17.4539 24045.2 -03337.1 -07.9012 24275.7
 16 03 2015  19 33  -17.4539 24044.8 -03337.3 -07.9018 24275.2
 16 03 2015  19 34  -17.4539 24044.3 -03337.3 -07.9022 24274.8
 16 03 2015  19 35  -17.4539 24043.8 -03337.5 -07.9026 24274.3
 16 03 2015  19 36  -17.4535 24044.0 -03337.5 -07.9025 24274.5
 16 03 2015  19 37  -17.4532 24044.9 -03337.1 -07.9014 24275.3
 16 03 2015  19 38  -17.4531 24045.9 -03337.1 -07.9010 24276.3
 16 03 2015  19 39  -17.4528 24046.9 -03337.0 -07.9006 24277.3
 16 03 2015  19 40  -17.4521 24047.8 -03337.2 -07.9007 24278.2
 16 03 2015  19 41  -17.4512 24047.9 -03337.1 -07.9004 24278.4
 16 03 2015  19 42  -17.4503 24047.6 -03337.1 -07.9005 24278.0
 16 03 2015  19 43  -17.4499 24046.9 -03337.5 -07.9017 24277.4
 16 03 2015  19 44  -17.4501 24045.9 -03337.9 -07.9029 24276.5
 16 03 2015  19 45  -17.4499 24045.5 -03338.0 -07.9032 24276.1
 16 03 2015  19 46  -17.4495 24045.7 -03337.9 -07.9029 24276.3
 16 03 2015  19 47  -17.4490 24045.8 -03337.7 -07.9026 24276.3
 16 03 2015  19 48  -17.4487 24045.5 -03337.8 -07.9027 24276.1
 16 03 2015  19 49  -17.4487 24045.0 -03338.0 -07.9035 24275.6
 16 03 2015  19 50  -17.4487 24044.5 -03338.4 -07.9046 24275.1
 16 03 2015  19 51  -17.4489 24043.9 -03338.6 -07.9051 24274.5
 16 03 2015  19 52  -17.4490 24043.4 -03338.9 -07.9060 24274.1
 16 03 2015  19 53  -17.4492 24043.1 -03338.8 -07.9059 24273.8
 16 03 2015  19 54  -17.4495 24042.7 -03339.1 -07.9066 24273.5
 16 03 2015  19 55  -17.4497 24042.2 -03339.3 -07.9075 24273.0
 16 03 2015  19 56  -17.4497 24041.9 -03339.6 -07.9081 24272.7
 16 03 2015  19 57  -17.4497 24041.7 -03339.8 -07.9088 24272.6
 16 03 2015  19 58  -17.4498 24041.7 -03340.0 -07.9092 24272.6
 16 03 2015  19 59  -17.4495 24042.2 -03340.0 -07.9089 24273.1
 16 03 2015  20 00  -17.4492 24042.5 -03340.0 -07.9088 24273.4
 16 03 2015  20 01  -17.4487 24043.0 -03339.9 -07.9085 24273.9
 16 03 2015  20 02  -17.4483 24043.1 -03339.9 -07.9084 24273.9
 16 03 2015  20 03  -17.4483 24042.6 -03340.2 -07.9093 24273.5
 16 03 2015  20 04  -17.4478 24042.6 -03340.3 -07.9096 24273.5
 16 03 2015  20 05  -17.4471 24043.0 -03340.2 -07.9091 24273.9
 16 03 2015  20 06  -17.4467 24043.0 -03340.1 -07.9089 24273.9
 16 03 2015  20 07  -17.4471 24042.5 -03340.1 -07.9091 24273.4
 16 03 2015  20 08  -17.4474 24041.9 -03340.4 -07.9101 24272.8
 16 03 2015  20 09  -17.4475 24041.2 -03340.7 -07.9110 24272.2
 16 03 2015  20 10  -17.4475 24040.8 -03340.9 -07.9116 24271.9
 16 03 2015  20 11  -17.4478 24040.5 -03341.1 -07.9121 24271.6
 16 03 2015  20 12  -17.4480 24040.4 -03341.2 -07.9124 24271.5
 16 03 2015  20 13  -17.4481 24040.0 -03341.4 -07.9130 24271.1
 16 03 2015  20 14  -17.4474 24039.7 -03341.2 -07.9127 24270.7
 16 03 2015  20 15  -17.4465 24039.8 -03340.9 -07.9119 24270.8
 16 03 2015  20 16  -17.4467 24039.2 -03341.1 -07.9126 24270.3
 16 03 2015  20 17  -17.4475 24037.5 -03341.7 -07.9144 24268.7
 16 03 2015  20 18  -17.4483 24036.1 -03342.1 -07.9159 24267.3
 16 03 2015  20 19  -17.4491 24035.0 -03342.6 -07.9174 24266.3
 16 03 2015  20 20  -17.4493 24034.0 -03342.8 -07.9182 24265.4
 16 03 2015  20 21  -17.4497 24033.6 -03342.9 -07.9186 24264.9
 16 03 2015  20 22  -17.4501 24033.2 -03342.8 -07.9185 24264.5
 16 03 2015  20 23  -17.4513 24033.0 -03344.0 -07.9215 24264.5
 16 03 2015  20 24  -17.4516 24033.2 -03344.5 -07.9224 24264.8
 16 03 2015  20 25  -17.4515 24033.6 -03343.7 -07.9205 24265.1
 16 03 2015  20 26  -17.4517 24033.9 -03343.3 -07.9194 24265.4
 16 03 2015  20 27  -17.4521 24033.4 -03344.3 -07.9219 24265.0
 16 03 2015  20 28  -17.4523 24033.0 -03344.2 -07.9218 24264.5
 16 03 2015  20 29  -17.4524 24032.8 -03344.1 -07.9218 24264.4
 16 03 2015  20 30  -17.4522 24033.0 -03344.5 -07.9225 24264.6
 16 03 2015  20 31  -17.4521 24033.2 -03344.3 -07.9219 24264.7
 16 03 2015  20 32  -17.4521 24033.1 -03344.8 -07.9232 24264.8
 16 03 2015  20 33  -17.4521 24032.8 -03344.8 -07.9233 24264.5
 16 03 2015  20 34  -17.4521 24032.8 -03344.6 -07.9229 24264.4
 16 03 2015  20 35  -17.4524 24032.6 -03345.3 -07.9246 24264.3
 16 03 2015  20 36  -17.4524 24032.6 -03344.9 -07.9237 24264.3
 16 03 2015  20 37  -17.4524 24032.6 -03345.3 -07.9245 24264.3
 16 03 2015  20 38  -17.4524 24032.4 -03345.4 -07.9249 24264.2
 16 03 2015  20 39  -17.4529 24032.0 -03346.0 -07.9263 24263.8
 16 03 2015  20 40  -17.4528 24031.7 -03345.3 -07.9249 24263.4
 16 03 2015  20 41  -17.4528 24031.6 -03345.7 -07.9258 24263.4
 16 03 2015  20 42  -17.4526 24031.9 -03346.2 -07.9269 24263.7
 16 03 2015  20 43  -17.4517 24032.4 -03345.3 -07.9246 24264.1
 16 03 2015  20 44  -17.4516 24032.9 -03344.8 -07.9234 24264.5
 16 03 2015  20 45  -17.4521 24033.1 -03345.7 -07.9252 24264.9
 16 03 2015  20 46  -17.4519 24033.5 -03344.5 -07.9225 24265.1
 16 03 2015  20 47  -17.4518 24034.1 -03345.0 -07.9233 24265.8
 16 03 2015  20 48  -17.4517 24034.6 -03345.5 -07.9243 24266.3
 16 03 2015  20 49  -17.4517 24034.9 -03344.3 -07.9215 24266.4
 16 03 2015  20 50  -17.4520 24035.3 -03345.0 -07.9230 24266.9
 16 03 2015  20 51  -17.4519 24035.5 -03345.1 -07.9231 24267.2
 16 03 2015  20 52  -17.4521 24035.8 -03345.0 -07.9229 24267.4
 16 03 2015  20 53  -17.4522 24036.0 -03345.1 -07.9230 24267.7
 16 03 2015  20 54  -17.4525 24036.2 -03345.6 -07.9241 24268.0
 16 03 2015  20 55  -17.4529 24036.4 -03346.0 -07.9250 24268.1
 16 03 2015  20 56  -17.4533 24036.5 -03346.3 -07.9255 24268.3
 16 03 2015  20 57  -17.4535 24036.4 -03346.2 -07.9255 24268.3
 16 03 2015  20 58  -17.4540 24036.2 -03346.5 -07.9262 24268.0
 16 03 2015  20 59  -17.4546 24035.9 -03346.6 -07.9265 24267.8
 16 03 2015  21 00  -17.4552 24035.6 -03347.0 -07.9275 24267.5
 16 03 2015  21 01  -17.4556 24035.6 -03347.1 -07.9277 24267.5
 16 03 2015  21 02  -17.4562 24035.5 -03347.2 -07.9281 24267.4
 16 03 2015  21 03  -17.4565 24035.4 -03347.5 -07.9287 24267.4
 16 03 2015  21 04  -17.4572 24035.3 -03348.1 -07.9302 24267.4
 16 03 2015  21 05  -17.4577 24035.2 -03347.9 -07.9298 24267.3
 16 03 2015  21 06  -17.4582 24035.3 -03348.1 -07.9302 24267.4
 16 03 2015  21 07  -17.4586 24035.5 -03347.9 -07.9296 24267.5
 16 03 2015  21 08  -17.4589 24035.6 -03348.1 -07.9302 24267.6
 16 03 2015  21 09  -17.4593 24035.4 -03348.3 -07.9307 24267.5
 16 03 2015  21 10  -17.4597 24035.2 -03348.6 -07.9313 24267.3
 16 03 2015  21 11  -17.4601 24034.8 -03348.7 -07.9318 24267.0
 16 03 2015  21 12  -17.4606 24034.5 -03348.9 -07.9325 24266.7
 16 03 2015  21 13  -17.4611 24034.6 -03348.9 -07.9323 24266.8
 16 03 2015  21 14  -17.4616 24034.8 -03349.1 -07.9328 24267.0
 16 03 2015  21 15  -17.4620 24035.3 -03349.0 -07.9324 24267.5
 16 03 2015  21 16  -17.4627 24035.5 -03349.2 -07.9326 24267.8
 16 03 2015  21 17  -17.4630 24035.6 -03349.5 -07.9333 24267.9
 16 03 2015  21 18  -17.4633 24035.5 -03349.5 -07.9333 24267.8
 16 03 2015  21 19  -17.4637 24035.1 -03349.8 -07.9342 24267.4
 16 03 2015  21 20  -17.4642 24034.2 -03349.9 -07.9348 24266.5
 16 03 2015  21 21  -17.4649 24033.2 -03350.5 -07.9366 24265.7
 16 03 2015  21 22  -17.4653 24032.4 -03350.5 -07.9368 24264.9
 16 03 2015  21 23  -17.4660 24031.7 -03351.0 -07.9381 24264.2
 16 03 2015  21 24  -17.4667 24031.1 -03351.0 -07.9384 24263.6
 16 03 2015  21 25  -17.4673 24030.8 -03350.9 -07.9381 24263.3
 16 03 2015  21 26  -17.4678 24030.7 -03351.0 -07.9385 24263.2
 16 03 2015  21 27  -17.4685 24030.8 -03351.6 -07.9399 24263.4
 16 03 2015  21 28  -17.4691 24030.9 -03351.2 -07.9389 24263.5
 16 03 2015  21 29  -17.4696 24031.0 -03350.9 -07.9383 24263.5
 16 03 2015  21 30  -17.4704 24031.0 -03352.3 -07.9415 24263.7
 16 03 2015  21 31  -17.4705 24031.2 -03352.3 -07.9414 24263.9
 16 03 2015  21 32  -17.4708 24031.2 -03351.8 -07.9402 24263.8
 16 03 2015  21 33  -17.4711 24031.4 -03352.4 -07.9415 24264.1
 16 03 2015  21 34  -17.4714 24031.3 -03351.3 -07.9391 24263.9
 16 03 2015  21 35  -17.4717 24031.3 -03351.0 -07.9383 24263.8
 16 03 2015  21 36  -17.4721 24031.4 -03352.1 -07.9407 24264.1
 16 03 2015  21 37  -17.4725 24031.6 -03352.1 -07.9408 24264.3
 16 03 2015  21 38  -17.4728 24032.0 -03352.1 -07.9408 24264.6
 16 03 2015  21 39  -17.4729 24032.1 -03351.8 -07.9398 24264.8
 16 03 2015  21 40  -17.4731 24032.4 -03352.0 -07.9403 24265.0
 16 03 2015  21 41  -17.4734 24032.3 -03352.3 -07.9409 24264.9
 16 03 2015  21 42  -17.4736 24031.9 -03353.2 -07.9433 24264.7
 16 03 2015  21 43  -17.4736 24031.4 -03352.2 -07.9410 24264.1
 16 03 2015  21 44  -17.4740 24030.7 -03352.7 -07.9424 24263.5
 16 03 2015  21 45  -17.4747 24030.1 -03353.5 -07.9446 24263.0
 16 03 2015  21 46  -17.4746 24029.7 -03352.8 -07.9430 24262.4
 16 03 2015  21 47  -17.4749 24029.4 -03352.8 -07.9431 24262.2
 16 03 2015  21 48  -17.4754 24028.9 -03353.0 -07.9438 24261.7
 16 03 2015  21 49  -17.4757 24028.6 -03353.1 -07.9440 24261.5
 16 03 2015  21 50  -17.4760 24028.5 -03353.2 -07.9443 24261.3
 16 03 2015  21 51  -17.4764 24028.6 -03353.1 -07.9440 24261.4
 16 03 2015  21 52  -17.4768 24028.8 -03353.3 -07.9445 24261.6
 16 03 2015  21 53  -17.4769 24028.8 -03353.5 -07.9449 24261.6
 16 03 2015  21 54  -17.4771 24028.6 -03353.6 -07.9452 24261.5
 16 03 2015  21 55  -17.4773 24028.3 -03353.6 -07.9454 24261.2
 16 03 2015  21 56  -17.4775 24028.0 -03353.8 -07.9459 24260.9
 16 03 2015  21 57  -17.4777 24027.7 -03353.8 -07.9461 24260.7
 16 03 2015  21 58  -17.4780 24027.8 -03353.9 -07.9461 24260.7
 16 03 2015  21 59  -17.4780 24027.7 -03353.8 -07.9460 24260.6
 16 03 2015  22 00  -17.4781 24027.5 -03353.8 -07.9462 24260.4
 16 03 2015  22 01  -17.4784 24027.4 -03354.3 -07.9474 24260.4
 16 03 2015  22 02  -17.4787 24027.2 -03354.4 -07.9475 24260.2
 16 03 2015  22 03  -17.4788 24027.3 -03354.5 -07.9479 24260.4
 16 03 2015  22 04  -17.4788 24027.1 -03354.9 -07.9488 24260.1
 16 03 2015  22 05  -17.4788 24026.8 -03354.8 -07.9487 24259.9
 16 03 2015  22 06  -17.4790 24026.9 -03355.1 -07.9494 24260.0
 16 03 2015  22 07  -17.4792 24027.3 -03355.2 -07.9495 24260.4
 16 03 2015  22 08  -17.4794 24027.6 -03355.2 -07.9493 24260.8
 16 03 2015  22 09  -17.4795 24028.2 -03355.6 -07.9500 24261.3
 16 03 2015  22 10  -17.4795 24028.4 -03355.8 -07.9506 24261.6
 16 03 2015  22 11  -17.4795 24028.3 -03355.9 -07.9508 24261.5
 16 03 2015  22 12  -17.4795 24028.1 -03356.1 -07.9513 24261.3
 16 03 2015  22 13  -17.4797 24027.6 -03356.3 -07.9519 24260.9
 16 03 2015  22 14  -17.4801 24027.2 -03356.6 -07.9526 24260.5
 16 03 2015  22 15  -17.4805 24026.8 -03357.0 -07.9538 24260.2
 16 03 2015  22 16  -17.4807 24026.7 -03356.8 -07.9534 24260.1
 16 03 2015  22 17  -17.4808 24026.5 -03356.8 -07.9534 24259.9
 16 03 2015  22 18  -17.4806 24026.6 -03356.9 -07.9537 24260.0
 16 03 2015  22 19  -17.4806 24026.5 -03357.0 -07.9539 24259.9
 16 03 2015  22 20  -17.4807 24026.3 -03357.2 -07.9543 24259.7
 16 03 2015  22 21  -17.4810 24026.1 -03357.3 -07.9547 24259.5
 16 03 2015  22 22  -17.4811 24025.9 -03357.2 -07.9546 24259.3
 16 03 2015  22 23  -17.4813 24025.7 -03357.4 -07.9550 24259.2
 16 03 2015  22 24  -17.4813 24025.4 -03357.4 -07.9552 24258.9
 16 03 2015  22 25  -17.4815 24025.0 -03357.5 -07.9555 24258.5
 16 03 2015  22 26  -17.4816 24024.8 -03357.7 -07.9560 24258.3
 16 03 2015  22 27  -17.4817 24024.6 -03357.5 -07.9557 24258.0
 16 03 2015  22 28  -17.4817 24024.5 -03357.6 -07.9559 24257.9
 16 03 2015  22 29  -17.4816 24024.5 -03357.5 -07.9557 24258.0
 16 03 2015  22 30  -17.4815 24024.4 -03357.5 -07.9558 24257.8
 16 03 2015  22 31  -17.4814 24024.2 -03357.6 -07.9561 24257.7
 16 03 2015  22 32  -17.4814 24024.2 -03357.6 -07.9560 24257.7
 16 03 2015  22 33  -17.4812 24024.2 -03357.5 -07.9559 24257.7
 16 03 2015  22 34  -17.4810 24024.2 -03357.6 -07.9560 24257.7
 16 03 2015  22 35  -17.4810 24023.8 -03357.7 -07.9564 24257.3
 16 03 2015  22 36  -17.4809 24023.5 -03357.7 -07.9566 24257.1
 16 03 2015  22 37  -17.4806 24023.4 -03357.7 -07.9566 24256.9
 16 03 2015  22 38  -17.4806 24023.0 -03357.8 -07.9569 24256.5
 16 03 2015  22 39  -17.4804 24022.6 -03357.8 -07.9571 24256.1
 16 03 2015  22 40  -17.4804 24022.2 -03357.9 -07.9574 24255.8
 16 03 2015  22 41  -17.4804 24021.8 -03358.0 -07.9577 24255.4
 16 03 2015  22 42  -17.4804 24021.6 -03357.9 -07.9575 24255.2
 16 03 2015  22 43  -17.4804 24021.2 -03357.9 -07.9578 24254.8
 16 03 2015  22 44  -17.4802 24021.3 -03357.8 -07.9576 24254.8
 16 03 2015  22 45  -17.4800 24021.6 -03357.8 -07.9574 24255.2
 16 03 2015  22 46  -17.4799 24021.9 -03357.7 -07.9569 24255.5
 16 03 2015  22 47  -17.4801 24022.1 -03357.7 -07.9571 24255.6
 16 03 2015  22 48  -17.4801 24022.4 -03357.4 -07.9562 24255.9
 16 03 2015  22 49  -17.4802 24022.4 -03357.6 -07.9566 24255.9
 16 03 2015  22 50  -17.4801 24022.5 -03357.7 -07.9568 24256.1
 16 03 2015  22 51  -17.4799 24022.7 -03357.9 -07.9573 24256.2
 16 03 2015  22 52  -17.4797 24022.7 -03357.9 -07.9573 24256.2
 16 03 2015  22 53  -17.4795 24022.7 -03357.9 -07.9572 24256.2
 16 03 2015  22 54  -17.4794 24022.5 -03357.7 -07.9569 24256.0
 16 03 2015  22 55  -17.4791 24022.6 -03358.0 -07.9575 24256.2
 16 03 2015  22 56  -17.4789 24022.5 -03357.8 -07.9571 24256.0
 16 03 2015  22 57  -17.4786 24022.5 -03357.9 -07.9573 24256.1
 16 03 2015  22 58  -17.4784 24022.4 -03358.0 -07.9575 24256.0
 16 03 2015  22 59  -17.4783 24022.6 -03358.1 -07.9578 24256.1
 16 03 2015  23 00  -17.4781 24022.5 -03357.9 -07.9572 24256.0
 16 03 2015  23 01  -17.4782 24022.2 -03358.2 -07.9582 24255.8
 16 03 2015  23 02  -17.4782 24022.0 -03358.0 -07.9578 24255.5
 16 03 2015  23 03  -17.4781 24022.0 -03358.3 -07.9584 24255.6
 16 03 2015  23 04  -17.4779 24022.0 -03358.1 -07.9579 24255.6
 16 03 2015  23 05  -17.4777 24022.2 -03358.5 -07.9587 24255.9
 16 03 2015  23 06  -17.4776 24022.0 -03358.3 -07.9584 24255.6
 16 03 2015  23 07  -17.4774 24021.8 -03358.3 -07.9586 24255.4
 16 03 2015  23 08  -17.4776 24021.3 -03358.4 -07.9590 24254.9
 16 03 2015  23 09  -17.4776 24020.9 -03358.3 -07.9588 24254.5
 16 03 2015  23 10  -17.4777 24020.6 -03358.5 -07.9594 24254.3
 16 03 2015  23 11  -17.4778 24019.9 -03358.6 -07.9599 24253.6
 16 03 2015  23 12  -17.4778 24019.4 -03358.5 -07.9598 24253.1
 16 03 2015  23 13  -17.4779 24018.8 -03358.7 -07.9604 24252.5
 16 03 2015  23 14  -17.4780 24018.4 -03359.0 -07.9611 24252.1
 16 03 2015  23 15  -17.4782 24018.0 -03358.9 -07.9612 24251.7
 16 03 2015  23 16  -17.4784 24017.8 -03358.6 -07.9606 24251.5
 16 03 2015  23 17  -17.4784 24017.8 -03358.6 -07.9604 24251.5
 16 03 2015  23 18  -17.4785 24017.9 -03358.4 -07.9601 24251.5
 16 03 2015  23 19  -17.4785 24017.7 -03358.4 -07.9600 24251.4
 16 03 2015  23 20  -17.4786 24017.6 -03358.8 -07.9611 24251.3
 16 03 2015  23 21  -17.4787 24017.4 -03358.4 -07.9602 24251.1
 16 03 2015  23 22  -17.4787 24017.5 -03358.5 -07.9603 24251.2
 16 03 2015  23 23  -17.4784 24017.8 -03358.4 -07.9600 24251.5
 16 03 2015  23 24  -17.4783 24018.1 -03358.2 -07.9595 24251.7
 16 03 2015  23 25  -17.4785 24018.1 -03358.6 -07.9603 24251.8
 16 03 2015  23 26  -17.4784 24018.3 -03358.1 -07.9592 24251.9
 16 03 2015  23 27  -17.4783 24018.5 -03358.0 -07.9589 24252.1
 16 03 2015  23 28  -17.4782 24018.7 -03358.1 -07.9590 24252.4
 16 03 2015  23 29  -17.4783 24018.6 -03358.0 -07.9588 24252.2
 16 03 2015  23 30  -17.4782 24018.5 -03358.0 -07.9589 24252.1
 16 03 2015  23 31  -17.4780 24018.4 -03357.9 -07.9588 24251.9
 16 03 2015  23 32  -17.4779 24018.3 -03358.5 -07.9601 24252.0
 16 03 2015  23 33  -17.4777 24018.2 -03358.0 -07.9589 24251.8
 16 03 2015  23 34  -17.4777 24018.0 -03358.4 -07.9600 24251.7
 16 03 2015  23 35  -17.4776 24017.7 -03358.5 -07.9602 24251.4
 16 03 2015  23 36  -17.4775 24017.5 -03358.3 -07.9598 24251.1
 16 03 2015  23 37  -17.4775 24017.0 -03358.5 -07.9605 24250.7
 16 03 2015  23 38  -17.4777 24016.4 -03358.4 -07.9605 24250.1
 16 03 2015  23 39  -17.4779 24015.9 -03358.8 -07.9616 24249.6
 16 03 2015  23 40  -17.4782 24015.6 -03359.1 -07.9624 24249.4
 16 03 2015  23 41  -17.4782 24015.4 -03358.5 -07.9611 24249.1
 16 03 2015  23 42  -17.4784 24015.4 -03358.7 -07.9614 24249.1
 16 03 2015  23 43  -17.4781 24015.7 -03358.4 -07.9607 24249.4
 16 03 2015  23 44  -17.4780 24015.9 -03358.2 -07.9601 24249.5
 16 03 2015  23 45  -17.4780 24015.8 -03358.6 -07.9613 24249.5
 16 03 2015  23 46  -17.4780 24015.5 -03358.8 -07.9618 24249.3
 16 03 2015  23 47  -17.4779 24015.1 -03358.9 -07.9621 24248.9
 16 03 2015  23 48  -17.4778 24014.7 -03359.0 -07.9623 24248.5
 16 03 2015  23 49  -17.4776 24014.4 -03359.1 -07.9629 24248.2
 16 03 2015  23 50  -17.4775 24014.1 -03359.0 -07.9626 24247.9
 16 03 2015  23 51  -17.4777 24013.8 -03359.0 -07.9628 24247.6
 16 03 2015  23 52  -17.4780 24013.5 -03358.9 -07.9626 24247.3
 16 03 2015  23 53  -17.4782 24013.2 -03358.9 -07.9627 24247.0
 16 03 2015  23 54  -17.4782 24013.4 -03359.0 -07.9628 24247.2
 16 03 2015  23 55  -17.4780 24013.8 -03358.8 -07.9622 24247.5
 16 03 2015  23 56  -17.4779 24014.3 -03358.7 -07.9618 24248.0
 16 03 2015  23 57  -17.4781 24014.5 -03358.7 -07.9618 24248.3
 16 03 2015  23 58  -17.4779 24014.9 -03358.8 -07.9618 24248.7
