ALTA FLORESTA MAGLISN-04 <076> 1 Min. Reported data

 DD MM YYYY  HH MM   D(Deg)  H(nT)   Z(nT)   I(Deg)   F(nT)

 17 03 2015  00 00  -17.4773 24015.1 -03358.8 -07.9619 24248.9
 17 03 2015  00 01  -17.4771 24015.0 -03359.1 -07.9625 24248.8
 17 03 2015  00 02  -17.4771 24014.7 -03358.9 -07.9621 24248.4
 17 03 2015  00 03  -17.4774 24014.3 -03359.2 -07.9631 24248.2
 17 03 2015  00 04  -17.4777 24014.2 -03359.5 -07.9637 24248.0
 17 03 2015  00 05  -17.4781 24014.3 -03359.4 -07.9636 24248.1
 17 03 2015  00 06  -17.4783 24014.6 -03359.2 -07.9630 24248.5
 17 03 2015  00 07  -17.4784 24015.3 -03359.2 -07.9627 24249.1
 17 03 2015  00 08  -17.4781 24016.1 -03359.2 -07.9624 24249.9
 17 03 2015  00 09  -17.4774 24017.0 -03358.8 -07.9612 24250.7
 17 03 2015  00 10  -17.4771 24017.4 -03359.1 -07.9618 24251.2
 17 03 2015  00 11  -17.4770 24017.4 -03359.1 -07.9618 24251.2
 17 03 2015  00 12  -17.4771 24016.9 -03359.3 -07.9624 24250.7
 17 03 2015  00 13  -17.4766 24016.5 -03359.6 -07.9632 24250.3
 17 03 2015  00 14  -17.4763 24015.8 -03359.6 -07.9634 24249.6
 17 03 2015  00 15  -17.4761 24015.3 -03359.6 -07.9637 24249.2
 17 03 2015  00 16  -17.4765 24014.6 -03359.9 -07.9646 24248.5
 17 03 2015  00 17  -17.4768 24014.0 -03360.1 -07.9652 24247.9
 17 03 2015  00 18  -17.4759 24014.0 -03359.8 -07.9645 24247.8
 17 03 2015  00 19  -17.4760 24013.3 -03359.8 -07.9649 24247.2
 17 03 2015  00 20  -17.4760 24012.7 -03360.2 -07.9659 24246.7
 17 03 2015  00 21  -17.4759 24012.6 -03360.0 -07.9655 24246.5
 17 03 2015  00 22  -17.4758 24012.6 -03359.6 -07.9646 24246.5
 17 03 2015  00 23  -17.4757 24012.6 -03359.9 -07.9652 24246.6
 17 03 2015  00 24  -17.4757 24012.7 -03360.1 -07.9656 24246.6
 17 03 2015  00 25  -17.4758 24012.6 -03359.6 -07.9646 24246.5
 17 03 2015  00 26  -17.4760 24012.5 -03359.6 -07.9645 24246.4
 17 03 2015  00 27  -17.4760 24012.7 -03359.7 -07.9648 24246.6
 17 03 2015  00 28  -17.4759 24012.8 -03359.6 -07.9645 24246.7
 17 03 2015  00 29  -17.4757 24013.1 -03359.4 -07.9640 24247.0
 17 03 2015  00 30  -17.4758 24013.4 -03359.6 -07.9643 24247.3
 17 03 2015  00 31  -17.4757 24013.9 -03359.7 -07.9644 24247.8
 17 03 2015  00 32  -17.4756 24014.1 -03359.9 -07.9647 24248.0
 17 03 2015  00 33  -17.4755 24014.0 -03359.7 -07.9643 24247.9
 17 03 2015  00 34  -17.4754 24013.4 -03360.3 -07.9660 24247.4
 17 03 2015  00 35  -17.4754 24012.5 -03360.5 -07.9666 24246.5
 17 03 2015  00 36  -17.4752 24011.6 -03360.2 -07.9663 24245.6
 17 03 2015  00 37  -17.4753 24011.0 -03360.5 -07.9672 24245.0
 17 03 2015  00 38  -17.4754 24010.6 -03360.4 -07.9670 24244.6
 17 03 2015  00 39  -17.4755 24010.4 -03360.3 -07.9668 24244.4
 17 03 2015  00 40  -17.4758 24010.1 -03360.4 -07.9672 24244.2
 17 03 2015  00 41  -17.4762 24009.8 -03360.5 -07.9676 24243.8
 17 03 2015  00 42  -17.4765 24009.4 -03360.4 -07.9675 24243.4
 17 03 2015  00 43  -17.4767 24009.2 -03360.3 -07.9673 24243.2
 17 03 2015  00 44  -17.4770 24009.1 -03360.4 -07.9676 24243.1
 17 03 2015  00 45  -17.4773 24009.0 -03360.5 -07.9678 24243.0
 17 03 2015  00 46  -17.4775 24008.9 -03360.3 -07.9673 24242.9
 17 03 2015  00 47  -17.4778 24008.8 -03360.5 -07.9678 24242.8
 17 03 2015  00 48  -17.4779 24008.8 -03360.3 -07.9673 24242.8
 17 03 2015  00 49  -17.4780 24008.7 -03360.3 -07.9674 24242.7
 17 03 2015  00 50  -17.4781 24008.8 -03360.2 -07.9672 24242.8
 17 03 2015  00 51  -17.4783 24008.8 -03360.2 -07.9673 24242.8
 17 03 2015  00 52  -17.4784 24008.8 -03360.4 -07.9675 24242.8
 17 03 2015  00 53  -17.4784 24008.8 -03360.4 -07.9677 24242.8
 17 03 2015  00 54  -17.4782 24008.7 -03360.2 -07.9673 24242.7
 17 03 2015  00 55  -17.4781 24008.7 -03360.4 -07.9677 24242.7
 17 03 2015  00 56  -17.4781 24008.8 -03360.2 -07.9672 24242.8
 17 03 2015  00 57  -17.4781 24008.9 -03360.3 -07.9674 24242.9
 17 03 2015  00 58  -17.4782 24008.8 -03360.4 -07.9675 24242.9
 17 03 2015  00 59  -17.4781 24008.8 -03360.2 -07.9672 24242.8
 17 03 2015  01 00  -17.4778 24008.7 -03360.3 -07.9675 24242.7
 17 03 2015  01 01  -17.4778 24008.6 -03360.3 -07.9674 24242.6
 17 03 2015  01 02  -17.4778 24008.6 -03360.3 -07.9674 24242.6
 17 03 2015  01 03  -17.4777 24008.6 -03360.2 -07.9672 24242.6
 17 03 2015  01 04  -17.4776 24008.6 -03360.4 -07.9676 24242.7
 17 03 2015  01 05  -17.4772 24008.8 -03360.1 -07.9670 24242.8
 17 03 2015  01 06  -17.4771 24008.8 -03360.5 -07.9680 24242.8
 17 03 2015  01 07  -17.4770 24008.8 -03360.5 -07.9679 24242.9
 17 03 2015  01 08  -17.4768 24009.1 -03360.2 -07.9671 24243.1
 17 03 2015  01 09  -17.4767 24009.3 -03360.3 -07.9672 24243.3
 17 03 2015  01 10  -17.4762 24009.4 -03360.0 -07.9666 24243.4
 17 03 2015  01 11  -17.4759 24009.5 -03360.1 -07.9668 24243.5
 17 03 2015  01 12  -17.4758 24009.7 -03360.1 -07.9666 24243.6
 17 03 2015  01 13  -17.4759 24009.7 -03360.1 -07.9666 24243.7
 17 03 2015  01 14  -17.4759 24009.7 -03360.1 -07.9666 24243.7
 17 03 2015  01 15  -17.4758 24009.7 -03360.3 -07.9670 24243.7
 17 03 2015  01 16  -17.4756 24009.6 -03360.4 -07.9674 24243.6
 17 03 2015  01 17  -17.4755 24009.4 -03360.4 -07.9675 24243.4
 17 03 2015  01 18  -17.4756 24009.2 -03360.5 -07.9678 24243.3
 17 03 2015  01 19  -17.4756 24009.1 -03360.2 -07.9671 24243.1
 17 03 2015  01 20  -17.4758 24008.8 -03360.5 -07.9679 24242.9
 17 03 2015  01 21  -17.4758 24008.6 -03360.4 -07.9677 24242.6
 17 03 2015  01 22  -17.4756 24008.5 -03360.4 -07.9676 24242.5
 17 03 2015  01 23  -17.4756 24008.4 -03360.4 -07.9678 24242.4
 17 03 2015  01 24  -17.4758 24008.1 -03360.3 -07.9677 24242.1
 17 03 2015  01 25  -17.4763 24008.0 -03360.4 -07.9680 24242.0
 17 03 2015  01 26  -17.4763 24008.0 -03360.2 -07.9676 24242.0
 17 03 2015  01 27  -17.4765 24007.8 -03360.4 -07.9680 24241.9
 17 03 2015  01 28  -17.4765 24007.8 -03360.4 -07.9679 24241.8
 17 03 2015  01 29  -17.4766 24007.6 -03360.3 -07.9678 24241.6
 17 03 2015  01 30  -17.4768 24007.5 -03360.4 -07.9681 24241.6
 17 03 2015  01 31  -17.4767 24007.5 -03360.2 -07.9676 24241.5
 17 03 2015  01 32  -17.4764 24007.5 -03360.3 -07.9679 24241.5
 17 03 2015  01 33  -17.4760 24007.4 -03360.2 -07.9675 24241.4
 17 03 2015  01 34  -17.4757 24007.3 -03360.0 -07.9672 24241.3
 17 03 2015  01 35  -17.4756 24007.3 -03360.2 -07.9676 24241.3
 17 03 2015  01 36  -17.4754 24007.2 -03360.0 -07.9672 24241.2
 17 03 2015  01 37  -17.4754 24007.0 -03360.1 -07.9675 24241.0
 17 03 2015  01 38  -17.4754 24007.0 -03360.3 -07.9680 24241.0
 17 03 2015  01 39  -17.4755 24006.9 -03360.1 -07.9676 24240.9
 17 03 2015  01 40  -17.4757 24006.8 -03360.3 -07.9680 24240.9
 17 03 2015  01 41  -17.4757 24006.8 -03360.1 -07.9677 24240.8
 17 03 2015  01 42  -17.4755 24006.8 -03360.3 -07.9680 24240.8
 17 03 2015  01 43  -17.4753 24006.8 -03360.0 -07.9674 24240.8
 17 03 2015  01 44  -17.4750 24006.7 -03360.0 -07.9673 24240.7
 17 03 2015  01 45  -17.4749 24006.5 -03360.1 -07.9677 24240.5
 17 03 2015  01 46  -17.4745 24006.6 -03360.0 -07.9674 24240.6
 17 03 2015  01 47  -17.4749 24006.8 -03359.9 -07.9672 24240.8
 17 03 2015  01 48  -17.4755 24006.3 -03360.1 -07.9677 24240.3
 17 03 2015  01 49  -17.4754 24006.5 -03359.9 -07.9673 24240.4
 17 03 2015  01 50  -17.4756 24006.5 -03359.8 -07.9670 24240.5
 17 03 2015  01 51  -17.4756 24006.6 -03359.8 -07.9670 24240.6
 17 03 2015  01 52  -17.4755 24007.1 -03359.5 -07.9662 24241.0
 17 03 2015  01 53  -17.4745 24007.5 -03359.6 -07.9661 24241.4
 17 03 2015  01 54  -17.4735 24008.2 -03359.3 -07.9654 24242.1
 17 03 2015  01 55  -17.4722 24009.0 -03359.0 -07.9643 24242.8
 17 03 2015  01 56  -17.4717 24009.8 -03359.0 -07.9642 24243.6
 17 03 2015  01 57  -17.4724 24010.3 -03359.2 -07.9644 24244.2
 17 03 2015  01 58  -17.4733 24010.0 -03359.7 -07.9655 24243.9
 17 03 2015  01 59  -17.4735 24009.2 -03360.0 -07.9666 24243.2
 17 03 2015  02 00  -17.4733 24007.9 -03360.3 -07.9677 24241.9
 17 03 2015  02 01  -17.4728 24007.0 -03360.5 -07.9684 24241.0
 17 03 2015  02 02  -17.4729 24006.6 -03360.3 -07.9680 24240.6
 17 03 2015  02 03  -17.4732 24006.5 -03360.1 -07.9678 24240.5
 17 03 2015  02 04  -17.4735 24006.5 -03360.1 -07.9677 24240.5
 17 03 2015  02 05  -17.4736 24006.4 -03360.1 -07.9677 24240.4
 17 03 2015  02 06  -17.4736 24006.2 -03360.1 -07.9677 24240.2
 17 03 2015  02 07  -17.4736 24006.0 -03360.0 -07.9676 24240.0
 17 03 2015  02 08  -17.4737 24005.9 -03360.1 -07.9678 24239.9
 17 03 2015  02 09  -17.4739 24006.1 -03359.9 -07.9674 24240.1
 17 03 2015  02 10  -17.4744 24006.3 -03359.8 -07.9671 24240.3
 17 03 2015  02 11  -17.4751 24006.1 -03360.2 -07.9680 24240.1
 17 03 2015  02 12  -17.4752 24006.0 -03360.1 -07.9678 24240.0
 17 03 2015  02 13  -17.4752 24006.0 -03360.0 -07.9675 24240.0
 17 03 2015  02 14  -17.4753 24005.7 -03359.9 -07.9676 24239.7
 17 03 2015  02 15  -17.4749 24006.0 -03359.7 -07.9670 24240.0
 17 03 2015  02 16  -17.4748 24006.5 -03359.3 -07.9659 24240.4
 17 03 2015  02 17  -17.4745 24007.0 -03359.5 -07.9660 24240.9
 17 03 2015  02 18  -17.4742 24007.4 -03359.1 -07.9650 24241.3
 17 03 2015  02 19  -17.4741 24007.9 -03359.2 -07.9652 24241.8
 17 03 2015  02 20  -17.4747 24008.1 -03359.3 -07.9654 24242.0
 17 03 2015  02 21  -17.4756 24008.3 -03359.4 -07.9655 24242.2
 17 03 2015  02 22  -17.4761 24008.6 -03359.4 -07.9654 24242.5
 17 03 2015  02 23  -17.4758 24008.7 -03359.7 -07.9660 24242.6
 17 03 2015  02 24  -17.4752 24008.5 -03359.6 -07.9660 24242.4
 17 03 2015  02 25  -17.4742 24008.3 -03359.7 -07.9662 24242.3
 17 03 2015  02 26  -17.4733 24008.5 -03359.6 -07.9659 24242.4
 17 03 2015  02 27  -17.4727 24008.8 -03359.4 -07.9653 24242.7
 17 03 2015  02 28  -17.4724 24009.0 -03359.4 -07.9651 24242.9
 17 03 2015  02 29  -17.4727 24008.6 -03359.7 -07.9659 24242.6
 17 03 2015  02 30  -17.4728 24007.8 -03360.0 -07.9671 24241.7
 17 03 2015  02 31  -17.4722 24006.9 -03360.0 -07.9674 24240.9
 17 03 2015  02 32  -17.4717 24006.1 -03359.9 -07.9674 24240.1
 17 03 2015  02 33  -17.4716 24005.4 -03360.1 -07.9681 24239.4
 17 03 2015  02 34  -17.4720 24005.0 -03360.1 -07.9682 24239.0
 17 03 2015  02 35  -17.4723 24004.8 -03360.1 -07.9683 24238.8
 17 03 2015  02 36  -17.4727 24004.5 -03360.1 -07.9683 24238.5
 17 03 2015  02 37  -17.4729 24003.9 -03360.1 -07.9685 24237.9
 17 03 2015  02 38  -17.4726 24003.4 -03360.1 -07.9686 24237.4
 17 03 2015  02 39  -17.4724 24002.7 -03359.9 -07.9686 24236.7
 17 03 2015  02 40  -17.4720 24002.6 -03359.9 -07.9686 24236.6
 17 03 2015  02 41  -17.4723 24002.8 -03359.7 -07.9681 24236.8
 17 03 2015  02 42  -17.4727 24003.1 -03359.9 -07.9682 24237.1
 17 03 2015  02 43  -17.4729 24003.5 -03359.6 -07.9676 24237.5
 17 03 2015  02 44  -17.4730 24003.7 -03359.7 -07.9677 24237.7
 17 03 2015  02 45  -17.4727 24003.9 -03359.6 -07.9673 24237.9
 17 03 2015  02 46  -17.4723 24004.3 -03359.4 -07.9667 24238.2
 17 03 2015  02 47  -17.4722 24004.3 -03359.5 -07.9669 24238.3
 17 03 2015  02 48  -17.4724 24004.4 -03359.5 -07.9671 24238.4
 17 03 2015  02 49  -17.4732 24004.4 -03359.5 -07.9670 24238.3
 17 03 2015  02 50  -17.4739 24004.4 -03359.7 -07.9675 24238.4
 17 03 2015  02 51  -17.4744 24004.3 -03359.6 -07.9673 24238.3
 17 03 2015  02 52  -17.4745 24004.2 -03359.7 -07.9675 24238.1
 17 03 2015  02 53  -17.4742 24004.1 -03359.8 -07.9678 24238.1
 17 03 2015  02 54  -17.4741 24004.1 -03359.6 -07.9673 24238.1
 17 03 2015  02 55  -17.4739 24004.0 -03359.7 -07.9676 24238.0
 17 03 2015  02 56  -17.4739 24004.0 -03359.8 -07.9677 24238.0
 17 03 2015  02 57  -17.4739 24003.8 -03359.7 -07.9677 24237.8
 17 03 2015  02 58  -17.4739 24003.7 -03359.6 -07.9675 24237.7
 17 03 2015  02 59  -17.4741 24003.6 -03359.6 -07.9674 24237.6
 17 03 2015  03 00  -17.4743 24003.6 -03359.7 -07.9677 24237.6
 17 03 2015  03 01  -17.4744 24003.6 -03359.6 -07.9675 24237.5
 17 03 2015  03 02  -17.4745 24003.3 -03359.6 -07.9676 24237.3
 17 03 2015  03 03  -17.4746 24003.1 -03359.7 -07.9678 24237.1
 17 03 2015  03 04  -17.4747 24003.0 -03359.6 -07.9678 24237.0
 17 03 2015  03 05  -17.4749 24002.9 -03359.7 -07.9679 24236.8
 17 03 2015  03 06  -17.4752 24002.8 -03359.7 -07.9679 24236.7
 17 03 2015  03 07  -17.4757 24002.5 -03359.7 -07.9682 24236.5
 17 03 2015  03 08  -17.4761 24002.3 -03359.7 -07.9682 24236.3
 17 03 2015  03 09  -17.4763 24002.1 -03359.8 -07.9684 24236.1
 17 03 2015  03 10  -17.4764 24002.4 -03359.7 -07.9681 24236.4
 17 03 2015  03 11  -17.4769 24002.5 -03359.6 -07.9679 24236.5
 17 03 2015  03 12  -17.4773 24002.6 -03359.6 -07.9679 24236.6
 17 03 2015  03 13  -17.4774 24002.6 -03359.4 -07.9674 24236.6
 17 03 2015  03 14  -17.4775 24002.7 -03359.4 -07.9673 24236.6
 17 03 2015  03 15  -17.4776 24002.5 -03359.6 -07.9678 24236.4
 17 03 2015  03 16  -17.4776 24002.3 -03359.5 -07.9676 24236.3
 17 03 2015  03 17  -17.4778 24002.0 -03359.7 -07.9682 24236.0
 17 03 2015  03 18  -17.4779 24001.8 -03359.8 -07.9684 24235.8
 17 03 2015  03 19  -17.4777 24001.8 -03359.9 -07.9687 24235.9
 17 03 2015  03 20  -17.4778 24002.0 -03359.6 -07.9680 24236.0
 17 03 2015  03 21  -17.4780 24002.2 -03359.5 -07.9678 24236.2
 17 03 2015  03 22  -17.4782 24002.4 -03359.5 -07.9676 24236.3
 17 03 2015  03 23  -17.4784 24002.7 -03359.5 -07.9677 24236.6
 17 03 2015  03 24  -17.4786 24002.9 -03359.5 -07.9675 24236.8
 17 03 2015  03 25  -17.4786 24003.0 -03359.4 -07.9673 24237.0
 17 03 2015  03 26  -17.4784 24003.1 -03359.5 -07.9675 24237.0
 17 03 2015  03 27  -17.4784 24002.7 -03359.6 -07.9678 24236.7
 17 03 2015  03 28  -17.4785 24002.6 -03359.7 -07.9679 24236.6
 17 03 2015  03 29  -17.4790 24002.4 -03359.8 -07.9683 24236.4
 17 03 2015  03 30  -17.4794 24002.2 -03359.8 -07.9685 24236.3
 17 03 2015  03 31  -17.4796 24002.1 -03359.9 -07.9688 24236.1
 17 03 2015  03 32  -17.4796 24002.2 -03359.6 -07.9680 24236.2
 17 03 2015  03 33  -17.4794 24002.4 -03359.8 -07.9684 24236.4
 17 03 2015  03 34  -17.4792 24002.6 -03359.9 -07.9684 24236.6
 17 03 2015  03 35  -17.4794 24002.8 -03360.0 -07.9687 24236.8
 17 03 2015  03 36  -17.4798 24002.6 -03359.5 -07.9677 24236.6
 17 03 2015  03 37  -17.4801 24002.5 -03359.7 -07.9681 24236.5
 17 03 2015  03 38  -17.4804 24002.4 -03360.2 -07.9692 24236.4
 17 03 2015  03 39  -17.4802 24002.6 -03359.8 -07.9683 24236.6
 17 03 2015  03 40  -17.4802 24002.9 -03359.7 -07.9679 24236.9
 17 03 2015  03 41  -17.4802 24003.2 -03359.8 -07.9681 24237.2
 17 03 2015  03 42  -17.4802 24003.2 -03359.9 -07.9683 24237.2
 17 03 2015  03 43  -17.4799 24003.4 -03359.8 -07.9680 24237.4
 17 03 2015  03 44  -17.4797 24003.4 -03359.9 -07.9683 24237.4
 17 03 2015  03 45  -17.4793 24003.4 -03359.7 -07.9678 24237.4
 17 03 2015  03 46  -17.4792 24003.6 -03359.8 -07.9680 24237.6
 17 03 2015  03 47  -17.4790 24003.8 -03359.8 -07.9680 24237.8
 17 03 2015  03 48  -17.4790 24004.0 -03359.9 -07.9681 24238.0
 17 03 2015  03 49  -17.4790 24003.9 -03360.0 -07.9684 24237.9
 17 03 2015  03 50  -17.4786 24004.1 -03360.0 -07.9682 24238.1
 17 03 2015  03 51  -17.4786 24004.5 -03360.0 -07.9682 24238.5
 17 03 2015  03 52  -17.4788 24004.8 -03360.1 -07.9683 24238.8
 17 03 2015  03 53  -17.4798 24004.5 -03360.4 -07.9690 24238.5
 17 03 2015  03 54  -17.4804 24004.2 -03360.5 -07.9694 24238.3
 17 03 2015  03 55  -17.4804 24003.7 -03360.6 -07.9698 24237.8
 17 03 2015  03 56  -17.4803 24003.8 -03360.7 -07.9700 24237.9
 17 03 2015  03 57  -17.4804 24003.3 -03360.9 -07.9706 24237.4
 17 03 2015  03 58  -17.4795 24003.7 -03360.7 -07.9700 24237.8
 17 03 2015  03 59  -17.4795 24004.1 -03360.7 -07.9698 24238.2
 17 03 2015  04 00  -17.4799 24004.5 -03360.8 -07.9700 24238.6
 17 03 2015  04 01  -17.4805 24004.3 -03361.1 -07.9707 24238.5
 17 03 2015  04 02  -17.4808 24004.0 -03361.7 -07.9721 24238.3
 17 03 2015  04 03  -17.4811 24003.4 -03361.7 -07.9723 24237.7
 17 03 2015  04 04  -17.4811 24003.0 -03361.4 -07.9719 24237.3
 17 03 2015  04 05  -17.4805 24003.5 -03361.3 -07.9715 24237.7
 17 03 2015  04 06  -17.4808 24003.3 -03362.1 -07.9735 24237.6
 17 03 2015  04 07  -17.4811 24003.1 -03362.1 -07.9735 24237.4
 17 03 2015  04 08  -17.4813 24002.7 -03362.1 -07.9736 24237.0
 17 03 2015  04 09  -17.4817 24002.8 -03362.2 -07.9739 24237.1
 17 03 2015  04 10  -17.4822 24002.7 -03361.2 -07.9714 24236.9
 17 03 2015  04 11  -17.4823 24002.4 -03361.1 -07.9715 24236.6
 17 03 2015  04 12  -17.4822 24002.5 -03362.0 -07.9735 24236.8
 17 03 2015  04 13  -17.4815 24002.8 -03362.5 -07.9745 24237.1
 17 03 2015  04 14  -17.4816 24002.9 -03361.6 -07.9725 24237.2
 17 03 2015  04 15  -17.4819 24002.9 -03361.6 -07.9724 24237.1
 17 03 2015  04 16  -17.4818 24003.1 -03363.0 -07.9756 24237.6
 17 03 2015  04 17  -17.4820 24003.2 -03363.4 -07.9765 24237.7
 17 03 2015  04 18  -17.4821 24003.1 -03363.3 -07.9763 24237.6
 17 03 2015  04 19  -17.4825 24003.1 -03363.4 -07.9766 24237.6
 17 03 2015  04 20  -17.4831 24003.1 -03362.5 -07.9745 24237.5
 17 03 2015  04 21  -17.4836 24002.9 -03362.9 -07.9755 24237.4
 17 03 2015  04 22  -17.4837 24003.1 -03363.1 -07.9759 24237.5
 17 03 2015  04 23  -17.4842 24003.0 -03363.1 -07.9758 24237.5
 17 03 2015  04 24  -17.4850 24003.2 -03363.1 -07.9758 24237.7
 17 03 2015  04 25  -17.4850 24003.3 -03363.1 -07.9759 24237.7
 17 03 2015  04 26  -17.4850 24003.6 -03361.9 -07.9729 24237.9
 17 03 2015  04 27  -17.4853 24003.7 -03361.7 -07.9725 24238.0
 17 03 2015  04 28  -17.4856 24003.7 -03363.5 -07.9767 24238.2
 17 03 2015  04 29  -17.4853 24003.8 -03363.0 -07.9754 24238.2
 17 03 2015  04 30  -17.4860 24004.1 -03363.2 -07.9757 24238.6
 17 03 2015  04 31  -17.4864 24004.6 -03363.5 -07.9763 24239.1
 17 03 2015  04 32  -17.4862 24004.9 -03363.0 -07.9749 24239.3
 17 03 2015  04 33  -17.4871 24005.2 -03363.9 -07.9771 24239.7
 17 03 2015  04 34  -17.4874 24005.4 -03362.9 -07.9745 24239.9
 17 03 2015  04 35  -17.4866 24005.8 -03363.1 -07.9749 24240.2
 17 03 2015  04 36  -17.4863 24006.4 -03362.2 -07.9726 24240.7
 17 03 2015  04 37  -17.4868 24006.5 -03362.1 -07.9724 24240.8
 17 03 2015  04 38  -17.4870 24006.5 -03363.5 -07.9756 24241.0
 17 03 2015  04 39  -17.4872 24006.1 -03363.3 -07.9754 24240.6
 17 03 2015  04 40  -17.4876 24005.9 -03362.4 -07.9732 24240.2
 17 03 2015  04 41  -17.4876 24005.8 -03363.2 -07.9753 24240.2
 17 03 2015  04 42  -17.4878 24005.9 -03363.3 -07.9754 24240.3
 17 03 2015  04 43  -17.4877 24006.2 -03363.2 -07.9750 24240.6
 17 03 2015  04 44  -17.4872 24008.1 -03362.4 -07.9725 24242.5
 17 03 2015  04 45  -17.4690 24025.7 -03357.0 -07.9542 24259.1
 17 03 2015  04 46  -17.4617 24043.3 -03354.4 -07.9424 24276.2
 17 03 2015  04 47  -17.4691 24051.8 -03356.3 -07.9439 24284.8
 17 03 2015  04 48  -17.4751 24047.6 -03362.0 -07.9587 24281.5
 17 03 2015  04 49  -17.4765 24042.3 -03363.5 -07.9640 24276.4
 17 03 2015  04 50  -17.4747 24039.4 -03363.4 -07.9646 24273.6
 17 03 2015  04 51  -17.4725 24038.2 -03362.9 -07.9638 24272.2
 17 03 2015  04 52  -17.4722 24037.7 -03362.7 -07.9636 24271.8
 17 03 2015  04 53  -17.4744 24036.9 -03364.3 -07.9675 24271.2
 17 03 2015  04 54  -17.4765 24035.7 -03364.5 -07.9685 24270.1
 17 03 2015  04 55  -17.4776 24034.2 -03364.4 -07.9688 24268.5
 17 03 2015  04 56  -17.4782 24033.6 -03364.1 -07.9682 24267.9
 17 03 2015  04 57  -17.4791 24033.3 -03363.4 -07.9667 24267.5
 17 03 2015  04 58  -17.4803 24033.5 -03364.2 -07.9685 24267.8
 17 03 2015  04 59  -17.4816 24033.4 -03364.1 -07.9682 24267.7
 17 03 2015  05 00  -17.4824 24033.9 -03364.0 -07.9678 24268.2
 17 03 2015  05 01  -17.4819 24035.1 -03363.1 -07.9654 24269.2
 17 03 2015  05 02  -17.4820 24036.8 -03362.7 -07.9639 24270.9
 17 03 2015  05 03  -17.4823 24038.7 -03363.0 -07.9638 24272.8
 17 03 2015  05 04  -17.4824 24040.1 -03362.5 -07.9622 24274.1
 17 03 2015  05 05  -17.4819 24041.3 -03362.3 -07.9614 24275.3
 17 03 2015  05 06  -17.4819 24042.1 -03362.1 -07.9606 24276.1
 17 03 2015  05 07  -17.4820 24042.7 -03362.3 -07.9610 24276.7
 17 03 2015  05 08  -17.4823 24042.7 -03362.8 -07.9621 24276.7
 17 03 2015  05 09  -17.4815 24042.6 -03362.4 -07.9613 24276.5
 17 03 2015  05 10  -17.4806 24043.0 -03362.5 -07.9615 24277.0
 17 03 2015  05 11  -17.4795 24043.0 -03362.9 -07.9623 24277.0
 17 03 2015  05 12  -17.4782 24043.1 -03362.7 -07.9617 24277.1
 17 03 2015  05 13  -17.4776 24043.0 -03361.7 -07.9596 24276.9
 17 03 2015  05 14  -17.4801 24041.5 -03363.2 -07.9635 24275.7
 17 03 2015  05 15  -17.4808 24039.6 -03363.2 -07.9641 24273.7
 17 03 2015  05 16  -17.4794 24039.3 -03362.4 -07.9624 24273.4
 17 03 2015  05 17  -17.4782 24040.4 -03362.2 -07.9616 24274.4
 17 03 2015  05 18  -17.4788 24042.0 -03362.6 -07.9620 24276.0
 17 03 2015  05 19  -17.4785 24042.5 -03361.9 -07.9602 24276.4
 17 03 2015  05 20  -17.4824 24040.5 -03362.7 -07.9627 24274.6
 17 03 2015  05 21  -17.4848 24037.6 -03364.2 -07.9670 24271.9
 17 03 2015  05 22  -17.4851 24035.0 -03363.3 -07.9659 24269.1
 17 03 2015  05 23  -17.4849 24034.1 -03364.0 -07.9677 24268.4
 17 03 2015  05 24  -17.4828 24034.7 -03362.5 -07.9641 24268.8
 17 03 2015  05 25  -17.4829 24035.9 -03362.0 -07.9625 24269.9
 17 03 2015  05 26  -17.4835 24037.1 -03362.1 -07.9623 24271.1
 17 03 2015  05 27  -17.4833 24037.7 -03361.8 -07.9616 24271.7
 17 03 2015  05 28  -17.4838 24037.4 -03361.4 -07.9607 24271.3
 17 03 2015  05 29  -17.4849 24036.9 -03362.4 -07.9632 24271.0
 17 03 2015  05 30  -17.4847 24036.8 -03362.0 -07.9622 24270.8
 17 03 2015  05 31  -17.4848 24037.3 -03361.8 -07.9617 24271.3
 17 03 2015  05 32  -17.4845 24036.8 -03361.9 -07.9621 24270.8
 17 03 2015  05 33  -17.4836 24036.7 -03362.7 -07.9638 24270.8
 17 03 2015  05 34  -17.4819 24037.0 -03361.5 -07.9610 24270.9
 17 03 2015  05 35  -17.4810 24037.6 -03361.8 -07.9615 24271.6
 17 03 2015  05 36  -17.4808 24038.1 -03360.5 -07.9582 24271.8
 17 03 2015  05 37  -17.4804 24037.8 -03362.0 -07.9618 24271.8
 17 03 2015  05 38  -17.4815 24036.1 -03361.3 -07.9609 24270.0
 17 03 2015  05 39  -17.4828 24035.1 -03362.0 -07.9629 24269.1
 17 03 2015  05 40  -17.4805 24035.3 -03361.3 -07.9611 24269.2
 17 03 2015  05 41  -17.4770 24036.5 -03361.6 -07.9613 24270.4
 17 03 2015  05 42  -17.4738 24038.4 -03361.1 -07.9596 24272.2
 17 03 2015  05 43  -17.4730 24039.7 -03359.9 -07.9564 24273.4
 17 03 2015  05 44  -17.4735 24039.8 -03360.1 -07.9569 24273.5
 17 03 2015  05 45  -17.4732 24039.7 -03361.1 -07.9591 24273.5
 17 03 2015  05 46  -17.4713 24039.7 -03361.1 -07.9591 24273.5
 17 03 2015  05 47  -17.4709 24040.4 -03360.3 -07.9572 24274.1
 17 03 2015  05 48  -17.4697 24042.4 -03360.3 -07.9565 24276.1
 17 03 2015  05 49  -17.4679 24044.2 -03359.6 -07.9542 24277.8
 17 03 2015  05 50  -17.4672 24044.6 -03359.8 -07.9546 24278.2
 17 03 2015  05 51  -17.4697 24041.7 -03361.2 -07.9588 24275.5
 17 03 2015  05 52  -17.4726 24039.0 -03361.9 -07.9613 24272.9
 17 03 2015  05 53  -17.4726 24036.9 -03362.1 -07.9625 24270.9
 17 03 2015  05 54  -17.4732 24035.1 -03362.4 -07.9638 24269.2
 17 03 2015  05 55  -17.4732 24034.6 -03361.3 -07.9613 24268.5
 17 03 2015  05 56  -17.4704 24035.6 -03360.9 -07.9601 24269.5
 17 03 2015  05 57  -17.4667 24037.0 -03359.6 -07.9565 24270.6
 17 03 2015  05 58  -17.4679 24035.9 -03360.5 -07.9589 24269.6
 17 03 2015  05 59  -17.4712 24034.9 -03361.9 -07.9625 24268.9
 17 03 2015  06 00  -17.4722 24033.9 -03361.6 -07.9623 24267.9
 17 03 2015  06 01  -17.4706 24033.9 -03361.2 -07.9614 24267.8
 17 03 2015  06 02  -17.4704 24034.2 -03360.9 -07.9606 24268.1
 17 03 2015  06 03  -17.4710 24034.8 -03361.2 -07.9611 24268.7
 17 03 2015  06 04  -17.4700 24035.8 -03361.9 -07.9622 24269.8
 17 03 2015  06 05  -17.4688 24036.9 -03359.7 -07.9569 24270.6
 17 03 2015  06 06  -17.4689 24037.5 -03361.5 -07.9608 24271.4
 17 03 2015  06 07  -17.4680 24037.9 -03360.9 -07.9593 24271.8
 17 03 2015  06 08  -17.4674 24037.9 -03361.6 -07.9609 24271.8
 17 03 2015  06 09  -17.4691 24036.1 -03361.5 -07.9614 24270.0
 17 03 2015  06 10  -17.4688 24034.1 -03362.3 -07.9638 24268.2
 17 03 2015  06 11  -17.4662 24033.2 -03361.6 -07.9625 24267.1
 17 03 2015  06 12  -17.4635 24032.1 -03361.2 -07.9619 24266.0
 17 03 2015  06 13  -17.4633 24030.2 -03361.8 -07.9639 24264.3
 17 03 2015  06 14  -17.4633 24028.2 -03361.9 -07.9648 24262.2
 17 03 2015  06 15  -17.4629 24027.8 -03361.9 -07.9649 24261.9
 17 03 2015  06 16  -17.4645 24028.7 -03361.5 -07.9637 24262.6
 17 03 2015  06 17  -17.4670 24028.1 -03361.9 -07.9649 24262.1
 17 03 2015  06 18  -17.4684 24026.5 -03361.6 -07.9647 24260.5
 17 03 2015  06 19  -17.4684 24025.1 -03362.5 -07.9672 24259.2
 17 03 2015  06 20  -17.4677 24023.3 -03362.4 -07.9677 24257.4
 17 03 2015  06 21  -17.4698 24020.7 -03362.9 -07.9696 24255.0
 17 03 2015  06 22  -17.4716 24018.0 -03363.4 -07.9717 24252.4
 17 03 2015  06 23  -17.4735 24014.8 -03363.6 -07.9732 24249.2
 17 03 2015  06 24  -17.4735 24011.9 -03363.5 -07.9739 24246.3
 17 03 2015  06 25  -17.4736 24009.3 -03363.5 -07.9748 24243.8
 17 03 2015  06 26  -17.4755 24007.0 -03363.9 -07.9765 24241.6
 17 03 2015  06 27  -17.4762 24005.1 -03364.0 -07.9773 24239.7
 17 03 2015  06 28  -17.4770 24002.5 -03364.3 -07.9788 24237.1
 17 03 2015  06 29  -17.4781 23999.9 -03364.8 -07.9808 24234.6
 17 03 2015  06 30  -17.4789 23998.0 -03364.7 -07.9813 24232.7
 17 03 2015  06 31  -17.4801 23995.5 -03365.2 -07.9833 24230.3
 17 03 2015  06 32  -17.4830 23992.7 -03365.7 -07.9854 24227.6
 17 03 2015  06 33  -17.4857 23989.8 -03366.1 -07.9871 24224.8
 17 03 2015  06 34  -17.4878 23987.1 -03366.2 -07.9884 24222.2
 17 03 2015  06 35  -17.4879 23985.5 -03366.1 -07.9886 24220.5
 17 03 2015  06 36  -17.4895 23983.6 -03366.2 -07.9895 24218.7
 17 03 2015  06 37  -17.4916 23981.6 -03366.5 -07.9909 24216.8
 17 03 2015  06 38  -17.4939 23979.4 -03366.9 -07.9925 24214.6
 17 03 2015  06 39  -17.4944 23977.7 -03366.8 -07.9928 24212.9
 17 03 2015  06 40  -17.4949 23975.7 -03367.0 -07.9940 24211.0
 17 03 2015  06 41  -17.4956 23974.2 -03366.9 -07.9943 24209.5
 17 03 2015  06 42  -17.4978 23973.0 -03367.2 -07.9953 24208.3
 17 03 2015  06 43  -17.4991 23972.7 -03367.1 -07.9952 24208.0
 17 03 2015  06 44  -17.5007 23972.2 -03367.1 -07.9953 24207.5
 17 03 2015  06 45  -17.5027 23971.6 -03366.9 -07.9952 24206.9
 17 03 2015  06 46  -17.5043 23971.8 -03366.8 -07.9947 24207.1
 17 03 2015  06 47  -17.5052 23971.2 -03366.6 -07.9946 24206.4
 17 03 2015  06 48  -17.5044 23971.7 -03365.9 -07.9928 24206.9
 17 03 2015  06 49  -17.5014 23974.2 -03364.8 -07.9892 24209.2
 17 03 2015  06 50  -17.5013 23975.0 -03365.0 -07.9896 24210.0
 17 03 2015  06 51  -17.5052 23974.0 -03365.9 -07.9918 24209.1
 17 03 2015  06 52  -17.5055 23975.0 -03365.2 -07.9900 24210.0
 17 03 2015  06 53  -17.5052 23976.4 -03364.5 -07.9879 24211.3
 17 03 2015  06 54  -17.5045 23977.9 -03364.1 -07.9865 24212.7
 17 03 2015  06 55  -17.5034 23979.7 -03363.8 -07.9852 24214.5
 17 03 2015  06 56  -17.5047 23979.5 -03364.5 -07.9868 24214.4
 17 03 2015  06 57  -17.5061 23979.7 -03364.3 -07.9864 24214.6
 17 03 2015  06 58  -17.5066 23980.6 -03363.7 -07.9845 24215.4
 17 03 2015  06 59  -17.5085 23979.3 -03364.3 -07.9864 24214.1
 17 03 2015  07 00  -17.5081 23979.9 -03363.7 -07.9850 24214.6
 17 03 2015  07 01  -17.5074 23980.6 -03363.7 -07.9845 24215.4
 17 03 2015  07 02  -17.5059 23981.4 -03363.2 -07.9832 24216.0
 17 03 2015  07 03  -17.5037 23981.9 -03362.6 -07.9815 24216.5
 17 03 2015  07 04  -17.5039 23982.5 -03362.7 -07.9817 24217.1
 17 03 2015  07 05  -17.5051 23982.8 -03362.8 -07.9818 24217.5
 17 03 2015  07 06  -17.5051 23983.1 -03363.0 -07.9821 24217.7
 17 03 2015  07 07  -17.5053 23983.3 -03362.9 -07.9819 24217.9
 17 03 2015  07 08  -17.5060 23983.2 -03362.8 -07.9817 24217.8
 17 03 2015  07 09  -17.5051 23984.3 -03362.4 -07.9803 24218.8
 17 03 2015  07 10  -17.5051 23984.7 -03362.5 -07.9804 24219.2
 17 03 2015  07 11  -17.5057 23984.8 -03362.9 -07.9815 24219.5
 17 03 2015  07 12  -17.5064 23985.3 -03362.8 -07.9809 24219.9
 17 03 2015  07 13  -17.5069 23985.2 -03363.2 -07.9820 24219.9
 17 03 2015  07 14  -17.5064 23984.9 -03363.2 -07.9821 24219.5
 17 03 2015  07 15  -17.5064 23984.7 -03363.2 -07.9821 24219.3
 17 03 2015  07 16  -17.5058 23985.4 -03363.4 -07.9824 24220.1
 17 03 2015  07 17  -17.5051 23985.7 -03363.2 -07.9819 24220.3
 17 03 2015  07 18  -17.5049 23984.8 -03364.1 -07.9843 24219.5
 17 03 2015  07 19  -17.5045 23983.1 -03364.4 -07.9855 24217.9
 17 03 2015  07 20  -17.5041 23982.1 -03364.4 -07.9857 24216.9
 17 03 2015  07 21  -17.5042 23980.9 -03364.6 -07.9866 24215.7
 17 03 2015  07 22  -17.5045 23980.1 -03364.6 -07.9869 24215.0
 17 03 2015  07 23  -17.5051 23979.3 -03364.9 -07.9878 24214.3
 17 03 2015  07 24  -17.5053 23979.2 -03364.9 -07.9879 24214.1
 17 03 2015  07 25  -17.5064 23979.5 -03364.8 -07.9875 24214.4
 17 03 2015  07 26  -17.5083 23979.6 -03365.0 -07.9880 24214.6
 17 03 2015  07 27  -17.5099 23980.1 -03365.0 -07.9878 24215.0
 17 03 2015  07 28  -17.5112 23979.7 -03364.9 -07.9877 24214.6
 17 03 2015  07 29  -17.5122 23980.4 -03364.6 -07.9868 24215.3
 17 03 2015  07 30  -17.5133 23982.0 -03364.0 -07.9848 24216.7
 17 03 2015  07 31  -17.5152 23982.4 -03364.1 -07.9850 24217.2
 17 03 2015  07 32  -17.5178 23981.0 -03364.6 -07.9867 24215.9
 17 03 2015  07 33  -17.5196 23979.6 -03364.3 -07.9863 24214.5
 17 03 2015  07 34  -17.5182 23979.1 -03363.4 -07.9844 24213.8
 17 03 2015  07 35  -17.5189 23977.6 -03363.3 -07.9847 24212.3
 17 03 2015  07 36  -17.5203 23978.4 -03363.1 -07.9839 24213.1
 17 03 2015  07 37  -17.5215 23980.0 -03362.6 -07.9822 24214.6
 17 03 2015  07 38  -17.5238 23980.9 -03362.8 -07.9825 24215.5
 17 03 2015  07 39  -17.5262 23982.4 -03363.0 -07.9824 24217.1
 17 03 2015  07 40  -17.5279 23983.5 -03363.2 -07.9825 24218.1
 17 03 2015  07 41  -17.5286 23984.8 -03363.2 -07.9821 24219.5
 17 03 2015  07 42  -17.5292 23985.8 -03363.4 -07.9823 24220.5
 17 03 2015  07 43  -17.5303 23986.5 -03363.7 -07.9827 24221.2
 17 03 2015  07 44  -17.5320 23986.0 -03364.6 -07.9851 24220.9
 17 03 2015  07 45  -17.5335 23985.3 -03365.0 -07.9860 24220.2
 17 03 2015  07 46  -17.5346 23983.8 -03365.5 -07.9877 24218.7
 17 03 2015  07 47  -17.5353 23983.3 -03365.4 -07.9878 24218.3
 17 03 2015  07 48  -17.5363 23982.9 -03365.3 -07.9877 24217.9
 17 03 2015  07 49  -17.5379 23982.5 -03365.4 -07.9881 24217.5
 17 03 2015  07 50  -17.5395 23982.0 -03365.6 -07.9885 24217.0
 17 03 2015  07 51  -17.5404 23981.7 -03365.7 -07.9890 24216.7
 17 03 2015  07 52  -17.5416 23981.1 -03365.7 -07.9891 24216.1
 17 03 2015  07 53  -17.5426 23980.3 -03365.8 -07.9897 24215.4
 17 03 2015  07 54  -17.5428 23980.0 -03365.9 -07.9901 24215.1
 17 03 2015  07 55  -17.5428 23979.5 -03365.8 -07.9898 24214.6
 17 03 2015  07 56  -17.5433 23979.7 -03365.5 -07.9892 24214.8
 17 03 2015  07 57  -17.5440 23979.7 -03365.2 -07.9885 24214.7
 17 03 2015  07 58  -17.5436 23980.2 -03365.2 -07.9884 24215.2
 17 03 2015  07 59  -17.5428 23980.8 -03364.9 -07.9872 24215.8
 17 03 2015  08 00  -17.5421 23981.5 -03364.7 -07.9867 24216.3
 17 03 2015  08 01  -17.5403 23982.6 -03364.7 -07.9864 24217.5
 17 03 2015  08 02  -17.5383 23983.2 -03364.2 -07.9850 24218.0
 17 03 2015  08 03  -17.5387 23982.7 -03364.4 -07.9856 24217.6
 17 03 2015  08 04  -17.5403 23983.0 -03364.2 -07.9851 24217.8
 17 03 2015  08 05  -17.5418 23983.4 -03363.6 -07.9835 24218.1
 17 03 2015  08 06  -17.5420 23984.5 -03363.4 -07.9826 24219.2
 17 03 2015  08 07  -17.5411 23984.6 -03363.2 -07.9823 24219.2
 17 03 2015  08 08  -17.5400 23984.6 -03363.5 -07.9828 24219.3
 17 03 2015  08 09  -17.5388 23984.1 -03363.7 -07.9834 24218.8
 17 03 2015  08 10  -17.5378 23982.5 -03364.1 -07.9849 24217.3
 17 03 2015  08 11  -17.5370 23982.2 -03364.0 -07.9848 24217.0
 17 03 2015  08 12  -17.5353 23982.4 -03363.8 -07.9843 24217.1
 17 03 2015  08 13  -17.5331 23981.7 -03363.7 -07.9843 24216.5
 17 03 2015  08 14  -17.5314 23980.6 -03364.0 -07.9853 24215.4
 17 03 2015  08 15  -17.5291 23980.4 -03363.7 -07.9847 24215.2
 17 03 2015  08 16  -17.5274 23979.4 -03363.8 -07.9852 24214.2
 17 03 2015  08 17  -17.5257 23978.2 -03364.2 -07.9867 24213.0
 17 03 2015  08 18  -17.5249 23977.3 -03364.4 -07.9875 24212.2
 17 03 2015  08 19  -17.5240 23976.8 -03364.4 -07.9875 24211.7
 17 03 2015  08 20  -17.5232 23976.1 -03364.5 -07.9879 24211.0
 17 03 2015  08 21  -17.5236 23975.8 -03364.3 -07.9875 24210.7
 17 03 2015  08 22  -17.5238 23975.4 -03364.5 -07.9883 24210.3
 17 03 2015  08 23  -17.5231 23974.6 -03364.8 -07.9893 24209.6
 17 03 2015  08 24  -17.5222 23974.7 -03364.5 -07.9885 24209.7
 17 03 2015  08 25  -17.5212 23974.1 -03364.5 -07.9887 24209.0
 17 03 2015  08 26  -17.5204 23973.1 -03364.5 -07.9889 24208.1
 17 03 2015  08 27  -17.5189 23971.9 -03364.5 -07.9894 24206.9
 17 03 2015  08 28  -17.5181 23970.7 -03364.7 -07.9902 24205.6
 17 03 2015  08 29  -17.5182 23972.2 -03364.2 -07.9885 24207.1
 17 03 2015  08 30  -17.5186 23973.3 -03364.7 -07.9895 24208.3
 17 03 2015  08 31  -17.5179 23976.0 -03364.6 -07.9881 24210.9
 17 03 2015  08 32  -17.5184 23976.9 -03364.6 -07.9879 24211.8
 17 03 2015  08 33  -17.5193 23976.9 -03364.7 -07.9882 24211.8
 17 03 2015  08 34  -17.5200 23977.4 -03364.2 -07.9869 24212.3
 17 03 2015  08 35  -17.5200 23977.1 -03364.3 -07.9871 24211.9
 17 03 2015  08 36  -17.5183 23977.1 -03363.5 -07.9854 24211.8
 17 03 2015  08 37  -17.5153 23977.8 -03362.4 -07.9825 24212.4
 17 03 2015  08 38  -17.5134 23976.5 -03362.0 -07.9820 24211.1
 17 03 2015  08 39  -17.5122 23974.0 -03362.0 -07.9829 24208.5
 17 03 2015  08 40  -17.5125 23971.6 -03362.2 -07.9842 24206.3
 17 03 2015  08 41  -17.5135 23969.9 -03362.5 -07.9853 24204.6
 17 03 2015  08 42  -17.5151 23969.0 -03362.8 -07.9864 24203.8
 17 03 2015  08 43  -17.5164 23967.8 -03363.4 -07.9882 24202.6
 17 03 2015  08 44  -17.5181 23966.4 -03363.9 -07.9898 24201.3
 17 03 2015  08 45  -17.5198 23964.8 -03364.7 -07.9922 24199.9
 17 03 2015  08 46  -17.5205 23964.3 -03364.6 -07.9921 24199.3
 17 03 2015  08 47  -17.5196 23963.8 -03364.8 -07.9927 24198.9
 17 03 2015  08 48  -17.5182 23963.2 -03364.9 -07.9932 24198.3
 17 03 2015  08 49  -17.5175 23962.0 -03365.3 -07.9946 24197.1
 17 03 2015  08 50  -17.5163 23960.8 -03365.2 -07.9947 24196.0
 17 03 2015  08 51  -17.5160 23959.5 -03365.7 -07.9964 24194.7
 17 03 2015  08 52  -17.5170 23959.0 -03365.8 -07.9966 24194.2
 17 03 2015  08 53  -17.5180 23958.2 -03366.0 -07.9975 24193.5
 17 03 2015  08 54  -17.5187 23956.9 -03366.4 -07.9987 24192.3
 17 03 2015  08 55  -17.5195 23954.4 -03367.1 -08.0012 24189.9
 17 03 2015  08 56  -17.5214 23952.0 -03367.3 -08.0024 24187.5
 17 03 2015  08 57  -17.5232 23951.0 -03366.7 -08.0015 24186.5
 17 03 2015  08 58  -17.5236 23950.5 -03366.5 -08.0012 24186.0
 17 03 2015  08 59  -17.5233 23949.8 -03366.6 -08.0015 24185.2
 17 03 2015  09 00  -17.5233 23947.6 -03367.0 -08.0033 24183.2
 17 03 2015  09 01  -17.5238 23945.6 -03367.6 -08.0052 24181.2
 17 03 2015  09 02  -17.5239 23943.5 -03367.9 -08.0068 24179.2
 17 03 2015  09 03  -17.5221 23940.4 -03369.1 -08.0106 24176.3
 17 03 2015  09 04  -17.5199 23937.4 -03369.8 -08.0133 24173.4
 17 03 2015  09 05  -17.5185 23934.9 -03370.0 -08.0145 24171.0
 17 03 2015  09 06  -17.5172 23932.3 -03370.4 -08.0164 24168.5
 17 03 2015  09 07  -17.5168 23929.9 -03370.7 -08.0179 24166.1
 17 03 2015  09 08  -17.5175 23927.1 -03371.0 -08.0194 24163.4
 17 03 2015  09 09  -17.5185 23926.2 -03370.3 -08.0179 24162.4
 17 03 2015  09 10  -17.5186 23925.8 -03370.0 -08.0175 24162.0
 17 03 2015  09 11  -17.5182 23923.7 -03370.5 -08.0194 24160.0
 17 03 2015  09 12  -17.5171 23922.3 -03370.7 -08.0204 24158.6
 17 03 2015  09 13  -17.5166 23921.6 -03370.5 -08.0200 24157.9
 17 03 2015  09 14  -17.5182 23919.5 -03371.3 -08.0226 24155.9
 17 03 2015  09 15  -17.5182 23919.0 -03371.3 -08.0227 24155.4
 17 03 2015  09 16  -17.5178 23917.8 -03371.7 -08.0242 24154.3
 17 03 2015  09 17  -17.5171 23916.6 -03371.9 -08.0250 24153.1
 17 03 2015  09 18  -17.5162 23916.3 -03371.6 -08.0244 24152.8
 17 03 2015  09 19  -17.5143 23916.9 -03371.2 -08.0233 24153.3
 17 03 2015  09 20  -17.5113 23918.3 -03370.6 -08.0214 24154.6
 17 03 2015  09 21  -17.5076 23920.8 -03369.9 -08.0189 24157.0
 17 03 2015  09 22  -17.5061 23922.5 -03369.4 -08.0172 24158.6
 17 03 2015  09 23  -17.5041 23923.7 -03368.9 -08.0156 24159.7
 17 03 2015  09 24  -17.4995 23926.1 -03367.1 -08.0106 24161.9
 17 03 2015  09 25  -17.4938 23928.8 -03365.5 -08.0060 24164.3
 17 03 2015  09 26  -17.4885 23930.7 -03364.2 -08.0022 24166.0
 17 03 2015  09 27  -17.4833 23932.3 -03363.3 -07.9996 24167.5
 17 03 2015  09 28  -17.4798 23933.5 -03363.2 -07.9990 24168.6
 17 03 2015  09 29  -17.4772 23933.7 -03363.5 -07.9996 24168.8
 17 03 2015  09 30  -17.4751 23934.8 -03363.2 -07.9985 24169.9
 17 03 2015  09 31  -17.4770 23934.1 -03364.0 -08.0006 24169.4
 17 03 2015  09 32  -17.4771 23935.1 -03363.8 -07.9999 24170.3
 17 03 2015  09 33  -17.4802 23933.9 -03365.0 -08.0030 24169.3
 17 03 2015  09 34  -17.4795 23936.0 -03364.1 -08.0001 24171.3
 17 03 2015  09 35  -17.4812 23939.0 -03363.3 -07.9974 24174.1
 17 03 2015  09 36  -17.4851 23939.4 -03364.2 -07.9993 24174.6
 17 03 2015  09 37  -17.4924 23938.9 -03365.0 -08.0015 24174.3
 17 03 2015  09 38  -17.4996 23941.3 -03365.1 -08.0008 24176.6
 17 03 2015  09 39  -17.5008 23945.5 -03363.8 -07.9964 24180.6
 17 03 2015  09 40  -17.5011 23949.3 -03363.0 -07.9932 24184.3
 17 03 2015  09 41  -17.5025 23950.7 -03362.9 -07.9925 24185.7
 17 03 2015  09 42  -17.4993 23950.2 -03363.4 -07.9940 24185.2
 17 03 2015  09 43  -17.4937 23950.9 -03362.4 -07.9914 24185.8
 17 03 2015  09 44  -17.4907 23952.7 -03362.0 -07.9898 24187.5
 17 03 2015  09 45  -17.4871 23954.1 -03361.9 -07.9891 24188.8
 17 03 2015  09 46  -17.4832 23954.8 -03361.9 -07.9888 24189.5
 17 03 2015  09 47  -17.4797 23954.9 -03362.0 -07.9890 24189.7
 17 03 2015  09 48  -17.4770 23954.4 -03362.8 -07.9912 24189.3
 17 03 2015  09 49  -17.4759 23953.7 -03363.7 -07.9934 24188.7
 17 03 2015  09 50  -17.4765 23953.9 -03364.6 -07.9956 24189.0
 17 03 2015  09 51  -17.4770 23954.2 -03365.5 -07.9976 24189.5
 17 03 2015  09 52  -17.4760 23953.9 -03366.4 -07.9997 24189.3
 17 03 2015  09 53  -17.4742 23953.2 -03367.1 -08.0016 24188.7
 17 03 2015  09 54  -17.4720 23952.6 -03367.7 -08.0033 24188.2
 17 03 2015  09 55  -17.4711 23952.3 -03368.4 -08.0050 24188.0
 17 03 2015  09 56  -17.4716 23952.7 -03368.6 -08.0053 24188.4
 17 03 2015  09 57  -17.4738 23952.5 -03369.6 -08.0076 24188.4
 17 03 2015  09 58  -17.4766 23951.4 -03370.6 -08.0103 24187.4
 17 03 2015  09 59  -17.4794 23950.6 -03371.6 -08.0130 24186.8
 17 03 2015  10 00  -17.4831 23950.0 -03372.0 -08.0142 24186.2
 17 03 2015  10 01  -17.4849 23949.7 -03372.8 -08.0160 24186.0
 17 03 2015  10 02  -17.4850 23949.1 -03373.0 -08.0169 24185.5
 17 03 2015  10 03  -17.4842 23948.0 -03373.6 -08.0186 24184.4
 17 03 2015  10 04  -17.4834 23947.5 -03373.8 -08.0192 24184.0
 17 03 2015  10 05  -17.4849 23947.1 -03373.9 -08.0197 24183.6
 17 03 2015  10 06  -17.4873 23945.7 -03374.3 -08.0209 24182.3
 17 03 2015  10 07  -17.4880 23945.3 -03374.3 -08.0210 24181.9
 17 03 2015  10 08  -17.4912 23946.3 -03374.0 -08.0201 24182.8
 17 03 2015  10 09  -17.4939 23946.0 -03374.7 -08.0219 24182.6
 17 03 2015  10 10  -17.4987 23946.0 -03375.1 -08.0229 24182.7
 17 03 2015  10 11  -17.5034 23948.0 -03374.6 -08.0210 24184.6
 17 03 2015  10 12  -17.5058 23949.2 -03374.5 -08.0204 24185.8
 17 03 2015  10 13  -17.5079 23949.7 -03374.5 -08.0201 24186.2
 17 03 2015  10 14  -17.5099 23948.7 -03375.1 -08.0219 24185.4
 17 03 2015  10 15  -17.5101 23948.1 -03375.1 -08.0222 24184.7
 17 03 2015  10 16  -17.5103 23948.2 -03374.9 -08.0216 24184.8
 17 03 2015  10 17  -17.5106 23947.5 -03374.8 -08.0215 24184.2
 17 03 2015  10 18  -17.5139 23947.1 -03375.1 -08.0225 24183.8
 17 03 2015  10 19  -17.5159 23946.2 -03375.1 -08.0227 24182.9
 17 03 2015  10 20  -17.5147 23946.0 -03374.9 -08.0222 24182.6
 17 03 2015  10 21  -17.5136 23944.8 -03375.5 -08.0242 24181.5
 17 03 2015  10 22  -17.5122 23941.3 -03377.0 -08.0287 24178.3
 17 03 2015  10 23  -17.5129 23939.7 -03377.0 -08.0292 24176.7
 17 03 2015  10 24  -17.5161 23940.6 -03375.7 -08.0261 24177.4
 17 03 2015  10 25  -17.5190 23940.3 -03375.9 -08.0264 24177.2
 17 03 2015  10 26  -17.5184 23938.9 -03376.6 -08.0287 24175.9
 17 03 2015  10 27  -17.5176 23938.7 -03376.4 -08.0282 24175.6
 17 03 2015  10 28  -17.5181 23938.0 -03376.2 -08.0280 24175.0
 17 03 2015  10 29  -17.5194 23937.3 -03376.6 -08.0292 24174.3
 17 03 2015  10 30  -17.5201 23938.0 -03376.2 -08.0281 24174.9
 17 03 2015  10 31  -17.5219 23939.2 -03375.5 -08.0261 24176.0
 17 03 2015  10 32  -17.5257 23939.0 -03375.7 -08.0266 24175.9
 17 03 2015  10 33  -17.5286 23937.9 -03376.0 -08.0276 24174.8
 17 03 2015  10 34  -17.5291 23936.4 -03376.4 -08.0290 24173.3
 17 03 2015  10 35  -17.5307 23935.2 -03376.6 -08.0299 24172.2
 17 03 2015  10 36  -17.5308 23934.4 -03376.7 -08.0305 24171.4
 17 03 2015  10 37  -17.5297 23933.8 -03376.6 -08.0302 24170.8
 17 03 2015  10 38  -17.5303 23934.2 -03376.1 -08.0290 24171.1
 17 03 2015  10 39  -17.5306 23934.6 -03375.9 -08.0285 24171.5
 17 03 2015  10 40  -17.5311 23933.0 -03377.2 -08.0320 24170.1
 17 03 2015  10 41  -17.5313 23932.8 -03377.1 -08.0319 24169.8
 17 03 2015  10 42  -17.5330 23932.7 -03376.7 -08.0309 24169.7
 17 03 2015  10 43  -17.5335 23933.0 -03376.2 -08.0296 24169.9
 17 03 2015  10 44  -17.5339 23933.1 -03376.0 -08.0290 24170.0
 17 03 2015  10 45  -17.5340 23933.5 -03375.4 -08.0275 24170.3
 17 03 2015  10 46  -17.5337 23933.8 -03375.0 -08.0267 24170.6
 17 03 2015  10 47  -17.5333 23933.5 -03374.6 -08.0258 24170.3
 17 03 2015  10 48  -17.5323 23933.5 -03374.2 -08.0248 24170.2
 17 03 2015  10 49  -17.5323 23934.2 -03373.8 -08.0237 24170.8
 17 03 2015  10 50  -17.5327 23935.3 -03373.4 -08.0224 24171.8
 17 03 2015  10 51  -17.5335 23935.1 -03373.5 -08.0227 24171.7
 17 03 2015  10 52  -17.5361 23935.5 -03373.1 -08.0216 24172.0
 17 03 2015  10 53  -17.5368 23936.9 -03372.3 -08.0191 24173.3
 17 03 2015  10 54  -17.5389 23938.6 -03371.0 -08.0155 24174.7
 17 03 2015  10 55  -17.5399 23939.9 -03369.7 -08.0122 24175.9
 17 03 2015  10 56  -17.5396 23939.4 -03369.5 -08.0117 24175.3
 17 03 2015  10 57  -17.5387 23938.4 -03369.8 -08.0128 24174.4
 17 03 2015  10 58  -17.5380 23938.7 -03369.9 -08.0129 24174.8
 17 03 2015  10 59  -17.5380 23939.0 -03370.3 -08.0138 24175.1
 17 03 2015  11 00  -17.5386 23938.9 -03370.9 -08.0152 24175.1
 17 03 2015  11 01  -17.5391 23939.6 -03371.0 -08.0152 24175.7
 17 03 2015  11 02  -17.5391 23940.3 -03370.9 -08.0147 24176.4
 17 03 2015  11 03  -17.5372 23939.8 -03370.4 -08.0139 24175.9
 17 03 2015  11 04  -17.5363 23939.1 -03369.6 -08.0122 24175.1
 17 03 2015  11 05  -17.5360 23938.2 -03369.8 -08.0128 24174.2
 17 03 2015  11 06  -17.5371 23939.7 -03369.1 -08.0108 24175.6
 17 03 2015  11 07  -17.5388 23942.2 -03368.0 -08.0073 24177.9
 17 03 2015  11 08  -17.5402 23943.7 -03367.3 -08.0052 24179.4
 17 03 2015  11 09  -17.5448 23943.8 -03367.3 -08.0051 24179.4
 17 03 2015  11 10  -17.5480 23944.6 -03367.1 -08.0044 24180.2
 17 03 2015  11 11  -17.5487 23945.8 -03366.8 -08.0035 24181.4
 17 03 2015  11 12  -17.5501 23947.4 -03366.2 -08.0015 24182.8
 17 03 2015  11 13  -17.5519 23949.6 -03366.0 -08.0003 24185.0
 17 03 2015  11 14  -17.5497 23954.2 -03364.7 -07.9956 24189.4
 17 03 2015  11 15  -17.5486 23954.8 -03365.2 -07.9965 24190.0
 17 03 2015  11 16  -17.5484 23954.3 -03365.4 -07.9973 24189.6
 17 03 2015  11 17  -17.5496 23955.6 -03364.5 -07.9948 24190.7
 17 03 2015  11 18  -17.5479 23958.9 -03362.9 -07.9900 24193.8
 17 03 2015  11 19  -17.5446 23961.8 -03361.8 -07.9864 24196.5
 17 03 2015  11 20  -17.5432 23962.7 -03361.2 -07.9847 24197.3
 17 03 2015  11 21  -17.5426 23964.1 -03360.9 -07.9836 24198.6
 17 03 2015  11 22  -17.5417 23964.1 -03360.4 -07.9823 24198.5
 17 03 2015  11 23  -17.5393 23964.5 -03360.5 -07.9824 24199.0
 17 03 2015  11 24  -17.5390 23963.8 -03360.7 -07.9832 24198.3
 17 03 2015  11 25  -17.5392 23963.7 -03360.6 -07.9830 24198.2
 17 03 2015  11 26  -17.5406 23964.8 -03360.6 -07.9824 24199.3
 17 03 2015  11 27  -17.5404 23965.4 -03360.1 -07.9812 24199.8
 17 03 2015  11 28  -17.5399 23967.3 -03359.8 -07.9799 24201.6
 17 03 2015  11 29  -17.5397 23967.8 -03359.0 -07.9778 24202.0
 17 03 2015  11 30  -17.5377 23968.4 -03359.0 -07.9777 24202.7
 17 03 2015  11 31  -17.5351 23969.9 -03358.2 -07.9752 24204.0
 17 03 2015  11 32  -17.5319 23971.0 -03357.5 -07.9733 24205.0
 17 03 2015  11 33  -17.5299 23974.1 -03356.2 -07.9691 24207.9
 17 03 2015  11 34  -17.5296 23974.4 -03356.0 -07.9686 24208.2
 17 03 2015  11 35  -17.5285 23976.0 -03355.4 -07.9667 24209.7
 17 03 2015  11 36  -17.5295 23976.5 -03355.4 -07.9664 24210.2
 17 03 2015  11 37  -17.5320 23974.3 -03356.7 -07.9704 24208.2
 17 03 2015  11 38  -17.5332 23973.7 -03357.6 -07.9727 24207.7
 17 03 2015  11 39  -17.5355 23974.4 -03357.6 -07.9723 24208.3
 17 03 2015  11 40  -17.5373 23974.0 -03357.9 -07.9732 24208.0
 17 03 2015  11 41  -17.5400 23972.9 -03358.9 -07.9759 24207.1
 17 03 2015  11 42  -17.5449 23972.5 -03359.1 -07.9765 24206.7
 17 03 2015  11 43  -17.5490 23971.5 -03359.6 -07.9780 24205.8
 17 03 2015  11 44  -17.5495 23972.6 -03358.8 -07.9758 24206.8
 17 03 2015  11 45  -17.5517 23970.8 -03359.6 -07.9782 24205.1
 17 03 2015  11 46  -17.5477 23976.0 -03358.3 -07.9734 24210.1
 17 03 2015  11 47  -17.5508 23970.9 -03358.9 -07.9765 24205.1
 17 03 2015  11 48  -17.5530 23971.5 -03359.5 -07.9778 24205.7
 17 03 2015  11 49  -17.5534 23972.3 -03358.7 -07.9757 24206.4
 17 03 2015  11 50  -17.5530 23971.8 -03358.4 -07.9752 24205.9
 17 03 2015  11 51  -17.5529 23972.3 -03358.8 -07.9759 24206.4
 17 03 2015  11 52  -17.5534 23973.3 -03358.1 -07.9738 24207.4
 17 03 2015  11 53  -17.5538 23973.4 -03357.4 -07.9723 24207.4
 17 03 2015  11 54  -17.5523 23974.6 -03356.8 -07.9704 24208.4
 17 03 2015  11 55  -17.5507 23974.6 -03357.0 -07.9710 24208.5
 17 03 2015  11 56  -17.5490 23977.4 -03355.2 -07.9659 24211.1
 17 03 2015  11 57  -17.5477 23976.1 -03355.4 -07.9668 24209.7
 17 03 2015  11 58  -17.5476 23976.5 -03354.1 -07.9635 24210.0
 17 03 2015  11 59  -17.5442 23979.7 -03352.6 -07.9590 24213.0
 17 03 2015  12 00  -17.5409 23982.3 -03350.9 -07.9542 24215.3
 17 03 2015  12 01  -17.5406 23985.3 -03350.0 -07.9510 24218.1
 17 03 2015  12 02  -17.5411 23988.9 -03348.7 -07.9467 24221.5
 17 03 2015  12 03  -17.5413 23991.5 -03346.8 -07.9415 24223.9
 17 03 2015  12 04  -17.5399 23993.1 -03346.2 -07.9394 24225.3
 17 03 2015  12 05  -17.5374 23996.0 -03345.2 -07.9363 24228.1
 17 03 2015  12 06  -17.5369 23995.7 -03344.2 -07.9339 24227.6
 17 03 2015  12 07  -17.5368 23994.1 -03343.7 -07.9334 24226.0
 17 03 2015  12 08  -17.5377 23987.3 -03344.3 -07.9370 24219.3
 17 03 2015  12 09  -17.5397 23975.8 -03348.7 -07.9509 24208.5
 17 03 2015  12 10  -17.5355 23978.4 -03348.7 -07.9501 24211.1
 17 03 2015  12 11  -17.5298 23987.4 -03345.5 -07.9397 24219.6
 17 03 2015  12 12  -17.5345 23983.1 -03344.8 -07.9395 24215.2
 17 03 2015  12 13  -17.5377 23977.0 -03348.0 -07.9490 24209.6
 17 03 2015  12 14  -17.5319 23987.4 -03344.0 -07.9362 24219.4
 17 03 2015  12 15  -17.5241 24000.4 -03337.2 -07.9160 24231.3
 17 03 2015  12 16  -17.5183 24005.2 -03333.9 -07.9069 24235.6
 17 03 2015  12 17  -17.5176 24003.6 -03333.8 -07.9072 24234.0
 17 03 2015  12 18  -17.5223 23999.1 -03336.3 -07.9144 24229.9
 17 03 2015  12 19  -17.5275 23997.3 -03337.7 -07.9182 24228.3
 17 03 2015  12 20  -17.5330 23995.6 -03338.5 -07.9207 24226.7
 17 03 2015  12 21  -17.5353 23994.8 -03339.1 -07.9223 24226.0
 17 03 2015  12 22  -17.5371 23994.3 -03339.6 -07.9236 24225.6
 17 03 2015  12 23  -17.5390 23994.2 -03339.8 -07.9242 24225.5
 17 03 2015  12 24  -17.5372 23996.5 -03339.1 -07.9218 24227.7
 17 03 2015  12 25  -17.5332 23999.8 -03337.7 -07.9175 24230.8
 17 03 2015  12 26  -17.5291 24003.9 -03335.5 -07.9110 24234.5
 17 03 2015  12 27  -17.5256 24008.2 -03334.0 -07.9060 24238.6
 17 03 2015  12 28  -17.5210 24011.3 -03332.3 -07.9010 24241.4
 17 03 2015  12 29  -17.5206 24012.0 -03332.8 -07.9019 24242.2
 17 03 2015  12 30  -17.5189 24015.1 -03331.3 -07.8974 24245.1
 17 03 2015  12 31  -17.5262 24009.0 -03332.1 -07.9014 24239.2
 17 03 2015  12 32  -17.5407 23995.3 -03338.4 -07.9205 24226.4
 17 03 2015  12 33  -17.5511 23987.4 -03343.3 -07.9347 24219.3
 17 03 2015  12 34  -17.5561 23989.2 -03343.8 -07.9351 24221.1
 17 03 2015  12 35  -17.5565 23991.2 -03342.5 -07.9316 24223.0
 17 03 2015  12 36  -17.5548 23990.7 -03341.5 -07.9292 24222.3
 17 03 2015  12 37  -17.5519 23989.1 -03340.6 -07.9276 24220.5
 17 03 2015  12 38  -17.5476 23988.5 -03339.7 -07.9259 24219.9
 17 03 2015  12 39  -17.5411 23992.4 -03337.3 -07.9189 24223.4
 17 03 2015  12 40  -17.5340 23995.5 -03334.2 -07.9107 24226.1
 17 03 2015  12 41  -17.5288 23998.4 -03331.8 -07.9042 24228.6
 17 03 2015  12 42  -17.5229 23999.5 -03330.1 -07.8997 24229.4
 17 03 2015  12 43  -17.5205 23999.3 -03329.8 -07.8990 24229.2
 17 03 2015  12 44  -17.5204 24000.2 -03329.0 -07.8970 24230.0
 17 03 2015  12 45  -17.5219 24000.6 -03328.5 -07.8957 24230.3
 17 03 2015  12 46  -17.5227 24001.9 -03327.7 -07.8933 24231.5
 17 03 2015  12 47  -17.5248 24002.5 -03326.7 -07.8907 24232.0
 17 03 2015  12 48  -17.5252 24004.3 -03325.4 -07.8872 24233.6
 17 03 2015  12 49  -17.5225 24006.7 -03324.1 -07.8834 24235.8
 17 03 2015  12 50  -17.5204 24010.1 -03322.4 -07.8783 24238.9
 17 03 2015  12 51  -17.5164 24010.7 -03321.5 -07.8760 24239.4
 17 03 2015  12 52  -17.5162 24009.3 -03320.9 -07.8749 24237.9
 17 03 2015  12 53  -17.5195 24008.8 -03321.3 -07.8761 24237.4
 17 03 2015  12 54  -17.5195 24011.1 -03320.0 -07.8723 24239.5
 17 03 2015  12 55  -17.5175 24012.7 -03318.6 -07.8686 24240.9
 17 03 2015  12 56  -17.5154 24015.4 -03317.6 -07.8654 24243.5
 17 03 2015  12 57  -17.5143 24016.8 -03315.9 -07.8609 24244.6
 17 03 2015  12 58  -17.5181 24014.3 -03316.6 -07.8634 24242.3
 17 03 2015  12 59  -17.5236 24012.7 -03317.3 -07.8655 24240.8
 17 03 2015  13 00  -17.5273 24012.7 -03316.8 -07.8643 24240.7
 17 03 2015  13 01  -17.5293 24013.3 -03316.0 -07.8623 24241.2
 17 03 2015  13 02  -17.5295 24013.8 -03315.3 -07.8604 24241.6
 17 03 2015  13 03  -17.5270 24015.5 -03314.7 -07.8585 24243.1
 17 03 2015  13 04  -17.5237 24018.8 -03312.8 -07.8531 24246.1
 17 03 2015  13 05  -17.5202 24019.3 -03312.1 -07.8512 24246.5
 17 03 2015  13 06  -17.5156 24024.5 -03309.3 -07.8429 24251.4
 17 03 2015  13 07  -17.5163 24025.7 -03307.8 -07.8390 24252.4
 17 03 2015  13 08  -17.5191 24022.6 -03308.9 -07.8426 24249.4
 17 03 2015  13 09  -17.5231 24021.9 -03308.9 -07.8427 24248.7
 17 03 2015  13 10  -17.5260 24025.7 -03307.2 -07.8377 24252.2
 17 03 2015  13 11  -17.5264 24027.2 -03306.5 -07.8355 24253.7
 17 03 2015  13 12  -17.5240 24031.3 -03304.3 -07.8289 24257.5
 17 03 2015  13 13  -17.5183 24037.0 -03301.3 -07.8202 24262.6
 17 03 2015  13 14  -17.5109 24041.5 -03299.1 -07.8136 24266.8
 17 03 2015  13 15  -17.5040 24043.9 -03298.1 -07.8105 24269.1
 17 03 2015  13 16  -17.5022 24050.0 -03295.3 -07.8020 24274.7
 17 03 2015  13 17  -17.4995 24053.1 -03293.8 -07.7976 24277.6
 17 03 2015  13 18  -17.4996 24051.6 -03295.2 -07.8013 24276.3
 17 03 2015  13 19  -17.5059 24044.6 -03298.3 -07.8107 24269.7
 17 03 2015  13 20  -17.5115 24040.7 -03300.6 -07.8174 24266.2
 17 03 2015  13 21  -17.5158 24040.1 -03301.2 -07.8189 24265.7
 17 03 2015  13 22  -17.5176 24039.0 -03302.0 -07.8211 24264.7
 17 03 2015  13 23  -17.5184 24039.5 -03302.2 -07.8215 24265.2
 17 03 2015  13 24  -17.5203 24036.2 -03303.5 -07.8257 24262.1
 17 03 2015  13 25  -17.5275 24029.4 -03306.6 -07.8352 24255.9
 17 03 2015  13 26  -17.5316 24029.4 -03308.0 -07.8382 24256.1
 17 03 2015  13 27  -17.5219 24054.7 -03299.8 -07.8111 24280.0
 17 03 2015  13 28  -17.4998 24079.7 -03291.6 -07.7838 24303.6
 17 03 2015  13 29  -17.4893 24077.7 -03291.9 -07.7851 24301.7
 17 03 2015  13 30  -17.4866 24069.1 -03294.5 -07.7939 24293.5
 17 03 2015  13 31  -17.4881 24067.4 -03296.7 -07.7998 24292.2
 17 03 2015  13 32  -17.4927 24064.3 -03298.9 -07.8059 24289.4
 17 03 2015  13 33  -17.5014 24056.9 -03301.3 -07.8138 24282.3
 17 03 2015  13 34  -17.5117 24047.3 -03304.0 -07.8233 24273.2
 17 03 2015  13 35  -17.5177 24048.5 -03304.1 -07.8231 24274.4
 17 03 2015  13 36  -17.5340 24037.6 -03307.7 -07.8350 24264.1
 17 03 2015  13 37  -17.5343 24050.7 -03306.0 -07.8268 24276.9
 17 03 2015  13 38  -17.5326 24051.1 -03303.1 -07.8199 24276.9
 17 03 2015  13 39  -17.5415 24036.1 -03307.8 -07.8357 24262.6
 17 03 2015  13 40  -17.5544 24020.0 -03315.4 -07.8587 24247.8
 17 03 2015  13 41  -17.5618 24014.2 -03319.0 -07.8690 24242.5
 17 03 2015  13 42  -17.5646 24011.0 -03321.5 -07.8759 24239.6
 17 03 2015  13 43  -17.5719 24006.3 -03323.1 -07.8811 24235.2
 17 03 2015  13 44  -17.5759 24005.9 -03324.6 -07.8848 24235.1
 17 03 2015  13 45  -17.5771 24003.9 -03325.9 -07.8885 24233.2
 17 03 2015  13 46  -17.5856 23992.5 -03331.0 -07.9040 24222.6
 17 03 2015  13 47  -17.5938 23989.7 -03334.5 -07.9131 24220.3
 17 03 2015  13 48  -17.5968 23995.3 -03334.4 -07.9113 24225.8
 17 03 2015  13 49  -17.5947 24007.0 -03331.9 -07.9015 24237.1
 17 03 2015  13 50  -17.5919 24016.4 -03329.1 -07.8918 24246.0
 17 03 2015  13 51  -17.5821 24029.6 -03325.6 -07.8794 24258.6
 17 03 2015  13 52  -17.5652 24048.8 -03320.4 -07.8610 24276.9
 17 03 2015  13 53  -17.5622 24032.8 -03326.2 -07.8797 24261.9
 17 03 2015  13 54  -17.5819 23987.9 -03343.6 -07.9352 24219.8
 17 03 2015  13 55  -17.6067 23958.9 -03358.7 -07.9801 24193.2
 17 03 2015  13 56  -17.6058 23957.7 -03362.6 -07.9895 24192.5
 17 03 2015  13 57  -17.5969 23960.4 -03362.2 -07.9878 24195.1
 17 03 2015  13 58  -17.5904 23967.6 -03359.8 -07.9797 24201.9
 17 03 2015  13 59  -17.5833 23972.0 -03355.7 -07.9688 24205.8
 17 03 2015  14 00  -17.5699 23974.1 -03350.6 -07.9560 24207.1
 17 03 2015  14 01  -17.5594 23974.5 -03349.1 -07.9524 24207.3
 17 03 2015  14 02  -17.5504 23974.3 -03348.8 -07.9517 24207.1
 17 03 2015  14 03  -17.5458 23970.9 -03349.0 -07.9535 24203.7
 17 03 2015  14 04  -17.5513 23957.1 -03353.3 -07.9681 24190.6
 17 03 2015  14 05  -17.5558 23954.7 -03356.0 -07.9750 24188.6
 17 03 2015  14 06  -17.5452 23973.9 -03351.0 -07.9572 24207.0
 17 03 2015  14 07  -17.5331 23986.0 -03343.0 -07.9344 24217.8
 17 03 2015  14 08  -17.5325 23989.4 -03339.0 -07.9239 24220.6
 17 03 2015  14 09  -17.5292 23997.2 -03335.1 -07.9122 24227.8
 17 03 2015  14 10  -17.5288 23996.1 -03333.4 -07.9085 24226.5
 17 03 2015  14 11  -17.5328 23993.2 -03334.6 -07.9122 24223.8
 17 03 2015  14 12  -17.5327 23991.9 -03334.2 -07.9117 24222.5
 17 03 2015  14 13  -17.5289 23995.7 -03330.2 -07.9012 24225.6
 17 03 2015  14 14  -17.5313 23998.0 -03327.0 -07.8931 24227.5
 17 03 2015  14 15  -17.5303 24004.1 -03324.0 -07.8839 24233.1
 17 03 2015  14 16  -17.5249 24007.9 -03320.5 -07.8745 24236.4
 17 03 2015  14 17  -17.5319 23995.4 -03323.5 -07.8856 24224.5
 17 03 2015  14 18  -17.5432 23978.1 -03329.8 -07.9059 24208.2
 17 03 2015  14 19  -17.5461 23974.3 -03333.5 -07.9160 24205.0
 17 03 2015  14 20  -17.5378 23984.7 -03329.5 -07.9032 24214.7
 17 03 2015  14 21  -17.5254 23998.9 -03322.6 -07.8824 24227.8
 17 03 2015  14 22  -17.5148 24005.8 -03317.3 -07.8677 24233.9
 17 03 2015  14 23  -17.5088 24005.8 -03317.3 -07.8676 24233.9
 17 03 2015  14 24  -17.5067 24005.5 -03318.1 -07.8696 24233.7
 17 03 2015  14 25  -17.5034 24003.4 -03319.0 -07.8725 24231.8
 17 03 2015  14 26  -17.5055 23997.1 -03322.3 -07.8824 24226.0
 17 03 2015  14 27  -17.5047 23998.5 -03323.1 -07.8837 24227.5
 17 03 2015  14 28  -17.5019 24003.4 -03322.0 -07.8795 24232.2
 17 03 2015  14 29  -17.4985 24004.1 -03321.0 -07.8769 24232.8
 17 03 2015  14 30  -17.5026 23997.5 -03323.5 -07.8850 24226.6
 17 03 2015  14 31  -17.5028 23997.1 -03324.4 -07.8873 24226.2
 17 03 2015  14 32  -17.5041 23995.0 -03324.5 -07.8880 24224.3
 17 03 2015  14 33  -17.5027 23993.1 -03325.1 -07.8902 24222.4
 17 03 2015  14 34  -17.4989 23992.5 -03324.1 -07.8879 24221.7
 17 03 2015  14 35  -17.4964 23990.4 -03324.4 -07.8892 24219.6
 17 03 2015  14 36  -17.4937 23992.4 -03323.0 -07.8854 24221.4
 17 03 2015  14 37  -17.4858 24005.2 -03317.5 -07.8684 24233.3
 17 03 2015  14 38  -17.4776 24016.5 -03311.7 -07.8511 24243.8
 17 03 2015  14 39  -17.4546 24042.7 -03302.9 -07.8220 24268.5
 17 03 2015  14 40  -17.4367 24069.9 -03290.4 -07.7842 24293.7
 17 03 2015  14 41  -17.4236 24081.7 -03284.1 -07.7657 24304.6
 17 03 2015  14 42  -17.4229 24078.9 -03284.8 -07.7682 24302.0
 17 03 2015  14 43  -17.4254 24067.5 -03289.7 -07.7833 24291.3
 17 03 2015  14 44  -17.4295 24059.9 -03293.4 -07.7944 24284.3
 17 03 2015  14 45  -17.4392 24053.4 -03295.1 -07.8006 24278.0
 17 03 2015  14 46  -17.4512 24040.7 -03299.7 -07.8153 24266.1
 17 03 2015  14 47  -17.4559 24035.7 -03300.9 -07.8197 24261.3
 17 03 2015  14 48  -17.4615 24027.5 -03303.8 -07.8291 24253.6
 17 03 2015  14 49  -17.4660 24021.0 -03306.4 -07.8373 24247.5
 17 03 2015  14 50  -17.4682 24019.2 -03306.9 -07.8389 24245.8
 17 03 2015  14 51  -17.4770 24014.3 -03308.7 -07.8448 24241.2
 17 03 2015  14 52  -17.4862 24012.0 -03309.3 -07.8470 24238.9
 17 03 2015  14 53  -17.4981 24001.1 -03313.3 -07.8598 24228.7
 17 03 2015  14 54  -17.5117 23987.2 -03319.0 -07.8776 24215.7
 17 03 2015  14 55  -17.5177 23978.3 -03323.3 -07.8908 24207.5
 17 03 2015  14 56  -17.5195 23973.7 -03324.2 -07.8944 24203.1
 17 03 2015  14 57  -17.5206 23968.7 -03326.3 -07.9008 24198.4
 17 03 2015  14 58  -17.5177 23965.8 -03327.4 -07.9044 24195.7
 17 03 2015  14 59  -17.5156 23962.5 -03328.7 -07.9085 24192.6
 17 03 2015  15 00  -17.5144 23960.8 -03329.5 -07.9109 24191.1
 17 03 2015  15 01  -17.5145 23963.0 -03328.2 -07.9071 24193.0
 17 03 2015  15 02  -17.5180 23966.6 -03328.0 -07.9056 24196.6
 17 03 2015  15 03  -17.5277 23963.4 -03327.6 -07.9057 24193.3
 17 03 2015  15 04  -17.5356 23955.3 -03330.6 -07.9154 24185.7
 17 03 2015  15 05  -17.5367 23949.0 -03333.4 -07.9240 24179.9
 17 03 2015  15 06  -17.5256 23956.2 -03332.2 -07.9189 24186.8
 17 03 2015  15 07  -17.5177 23963.6 -03327.7 -07.9057 24193.6
 17 03 2015  15 08  -17.5125 23966.4 -03326.0 -07.9009 24196.1
 17 03 2015  15 09  -17.5063 23969.6 -03325.3 -07.8983 24199.1
 17 03 2015  15 10  -17.5053 23977.8 -03321.2 -07.8859 24206.7
 17 03 2015  15 11  -17.5103 23980.8 -03319.0 -07.8799 24209.3
 17 03 2015  15 12  -17.5173 23983.2 -03317.7 -07.8760 24211.6
 17 03 2015  15 13  -17.5223 23983.9 -03317.0 -07.8740 24212.2
 17 03 2015  15 14  -17.5250 23982.9 -03317.4 -07.8755 24211.2
 17 03 2015  15 15  -17.5271 23980.9 -03318.4 -07.8785 24209.4
 17 03 2015  15 16  -17.5290 23983.4 -03317.2 -07.8748 24211.7
 17 03 2015  15 17  -17.5338 23985.4 -03315.8 -07.8708 24213.5
 17 03 2015  15 18  -17.5310 23986.6 -03315.5 -07.8697 24214.7
 17 03 2015  15 19  -17.5315 23983.8 -03316.0 -07.8718 24212.0
 17 03 2015  15 20  -17.5237 23992.9 -03312.7 -07.8611 24220.5
 17 03 2015  15 21  -17.5166 24001.1 -03309.0 -07.8498 24228.1
 17 03 2015  15 22  -17.5228 23999.2 -03308.6 -07.8495 24226.2
 17 03 2015  15 23  -17.5335 23987.4 -03312.9 -07.8634 24215.1
 17 03 2015  15 24  -17.5639 23953.5 -03326.7 -07.9067 24183.4
 17 03 2015  15 25  -17.5740 23922.1 -03339.8 -07.9477 24154.1
 17 03 2015  15 26  -17.5697 23904.9 -03350.3 -07.9780 24138.5
 17 03 2015  15 27  -17.5644 23905.5 -03351.8 -07.9815 24139.4
 17 03 2015  15 28  -17.5553 23908.5 -03351.0 -07.9785 24142.2
 17 03 2015  15 29  -17.5462 23915.0 -03347.2 -07.9674 24148.1
 17 03 2015  15 30  -17.5399 23919.3 -03344.5 -07.9597 24152.0
 17 03 2015  15 31  -17.5377 23926.6 -03341.1 -07.9492 24158.7
 17 03 2015  15 32  -17.5382 23934.0 -03337.3 -07.9379 24165.5
 17 03 2015  15 33  -17.5351 23942.1 -03333.3 -07.9258 24173.0
 17 03 2015  15 34  -17.5338 23944.3 -03332.1 -07.9225 24175.0
 17 03 2015  15 35  -17.5316 23945.3 -03331.4 -07.9203 24176.0
 17 03 2015  15 36  -17.5263 23947.4 -03330.3 -07.9172 24177.9
 17 03 2015  15 37  -17.5188 23948.3 -03330.0 -07.9162 24178.7
 17 03 2015  15 38  -17.5145 23950.0 -03330.1 -07.9160 24180.4
 17 03 2015  15 39  -17.5178 23949.5 -03330.2 -07.9162 24179.9
 17 03 2015  15 40  -17.5208 23949.8 -03329.1 -07.9136 24180.1
 17 03 2015  15 41  -17.5252 23942.7 -03331.5 -07.9215 24173.3
 17 03 2015  15 42  -17.5284 23937.8 -03333.7 -07.9284 24168.8
 17 03 2015  15 43  -17.5299 23933.2 -03334.3 -07.9312 24164.4
 17 03 2015  15 44  -17.5309 23928.7 -03336.6 -07.9381 24160.2
 17 03 2015  15 45  -17.5325 23929.2 -03335.6 -07.9355 24160.6
 17 03 2015  15 46  -17.5292 23930.2 -03334.5 -07.9327 24161.4
 17 03 2015  15 47  -17.5212 23927.1 -03335.9 -07.9370 24158.5
 17 03 2015  15 48  -17.5211 23926.7 -03336.5 -07.9385 24158.2
 17 03 2015  15 49  -17.5220 23925.3 -03336.0 -07.9377 24156.8
 17 03 2015  15 50  -17.5157 23925.2 -03335.5 -07.9365 24156.6
 17 03 2015  15 51  -17.5089 23922.8 -03335.9 -07.9384 24154.3
 17 03 2015  15 52  -17.5108 23919.8 -03336.8 -07.9416 24151.4
 17 03 2015  15 53  -17.5144 23921.1 -03336.8 -07.9411 24152.7
 17 03 2015  15 54  -17.5223 23918.5 -03336.0 -07.9400 24150.0
 17 03 2015  15 55  -17.5310 23911.2 -03338.9 -07.9493 24143.2
 17 03 2015  15 56  -17.5428 23903.2 -03343.0 -07.9615 24135.9
 17 03 2015  15 57  -17.5472 23899.7 -03344.0 -07.9650 24132.5
 17 03 2015  15 58  -17.5453 23896.6 -03344.8 -07.9679 24129.5
 17 03 2015  15 59  -17.5436 23893.4 -03345.8 -07.9713 24126.5
 17 03 2015  16 00  -17.5419 23889.1 -03348.0 -07.9779 24122.6
 17 03 2015  16 01  -17.5450 23888.5 -03348.3 -07.9788 24122.1
 17 03 2015  16 02  -17.5511 23887.0 -03347.7 -07.9780 24120.5
 17 03 2015  16 03  -17.5578 23885.4 -03347.2 -07.9773 24118.8
 17 03 2015  16 04  -17.5648 23877.3 -03349.8 -07.9859 24111.1
 17 03 2015  16 05  -17.5638 23871.8 -03352.6 -07.9943 24106.1
 17 03 2015  16 06  -17.5618 23867.6 -03355.1 -08.0017 24102.3
 17 03 2015  16 07  -17.5556 23869.0 -03353.9 -07.9984 24103.5
 17 03 2015  16 08  -17.5535 23865.8 -03354.1 -07.9999 24100.3
 17 03 2015  16 09  -17.5501 23862.1 -03355.7 -08.0049 24096.9
 17 03 2015  16 10  -17.5472 23860.0 -03356.4 -08.0072 24094.9
 17 03 2015  16 11  -17.5436 23861.2 -03356.1 -08.0063 24096.0
 17 03 2015  16 12  -17.5410 23865.4 -03353.4 -07.9984 24099.8
 17 03 2015  16 13  -17.5400 23868.5 -03350.3 -07.9902 24102.5
 17 03 2015  16 14  -17.5374 23872.3 -03347.6 -07.9825 24105.9
 17 03 2015  16 15  -17.5349 23875.6 -03345.1 -07.9754 24108.8
 17 03 2015  16 16  -17.5315 23876.3 -03343.5 -07.9714 24109.3
 17 03 2015  16 17  -17.5283 23876.6 -03342.9 -07.9701 24109.5
 17 03 2015  16 18  -17.5289 23873.2 -03345.1 -07.9763 24106.5
 17 03 2015  16 19  -17.5286 23871.1 -03345.7 -07.9784 24104.4
 17 03 2015  16 20  -17.5322 23869.9 -03346.7 -07.9813 24103.4
 17 03 2015  16 21  -17.5347 23866.7 -03348.3 -07.9861 24100.5
 17 03 2015  16 22  -17.5324 23867.7 -03348.0 -07.9849 24101.4
 17 03 2015  16 23  -17.5296 23865.8 -03347.7 -07.9848 24099.4
 17 03 2015  16 24  -17.5288 23862.0 -03349.3 -07.9898 24095.9
 17 03 2015  16 25  -17.5283 23859.6 -03350.3 -07.9931 24093.7
 17 03 2015  16 26  -17.5282 23857.6 -03351.2 -07.9958 24091.8
 17 03 2015  16 27  -17.5289 23851.7 -03353.6 -08.0035 24086.3
 17 03 2015  16 28  -17.5279 23844.8 -03357.3 -08.0145 24080.0
 17 03 2015  16 29  -17.5243 23842.2 -03359.6 -08.0208 24077.7
 17 03 2015  16 30  -17.5200 23843.1 -03360.2 -08.0217 24078.7
 17 03 2015  16 31  -17.5169 23845.2 -03359.7 -08.0200 24080.7
 17 03 2015  16 32  -17.5221 23848.0 -03359.2 -08.0180 24083.4
 17 03 2015  16 33  -17.5294 23853.5 -03356.8 -08.0104 24088.6
 17 03 2015  16 34  -17.5320 23859.6 -03353.4 -08.0004 24094.1
 17 03 2015  16 35  -17.5283 23864.5 -03350.5 -07.9918 24098.5
 17 03 2015  16 36  -17.5223 23868.8 -03348.4 -07.9855 24102.5
 17 03 2015  16 37  -17.5160 23872.2 -03345.6 -07.9779 24105.5
 17 03 2015  16 38  -17.5111 23874.0 -03344.7 -07.9750 24107.2
 17 03 2015  16 39  -17.5041 23877.8 -03343.1 -07.9702 24110.7
 17 03 2015  16 40  -17.4931 23882.3 -03341.0 -07.9636 24114.9
 17 03 2015  16 41  -17.4861 23886.2 -03339.3 -07.9583 24118.4
 17 03 2015  16 42  -17.4779 23892.1 -03336.6 -07.9501 24124.0
 17 03 2015  16 43  -17.4709 23898.8 -03332.6 -07.9384 24130.0
 17 03 2015  16 44  -17.4670 23900.7 -03331.0 -07.9341 24131.7
 17 03 2015  16 45  -17.4705 23893.6 -03333.7 -07.9427 24125.0
 17 03 2015  16 46  -17.4870 23887.7 -03336.5 -07.9513 24119.6
 17 03 2015  16 47  -17.5052 23875.0 -03340.9 -07.9658 24107.6
 17 03 2015  16 48  -17.5168 23862.7 -03347.0 -07.9842 24096.2
 17 03 2015  16 49  -17.5242 23851.3 -03352.6 -08.0011 24085.8
 17 03 2015  16 50  -17.5271 23843.4 -03356.8 -08.0137 24078.6
 17 03 2015  16 51  -17.5256 23840.5 -03359.1 -08.0202 24076.0
 17 03 2015  16 52  -17.5228 23839.4 -03359.8 -08.0221 24075.0
 17 03 2015  16 53  -17.5275 23832.7 -03362.0 -08.0295 24068.6
 17 03 2015  16 54  -17.5311 23826.5 -03364.9 -08.0383 24063.0
 17 03 2015  16 55  -17.5363 23821.9 -03366.9 -08.0446 24058.7
 17 03 2015  16 56  -17.5400 23818.3 -03368.3 -08.0492 24055.3
 17 03 2015  16 57  -17.5459 23814.7 -03369.8 -08.0539 24051.9
 17 03 2015  16 58  -17.5576 23808.0 -03372.2 -08.0617 24045.7
 17 03 2015  16 59  -17.5649 23806.6 -03372.5 -08.0630 24044.3
 17 03 2015  17 00  -17.5685 23806.5 -03372.2 -08.0624 24044.1
 17 03 2015  17 01  -17.5742 23807.6 -03371.2 -08.0596 24045.1
 17 03 2015  17 02  -17.5765 23811.7 -03368.5 -08.0519 24048.8
 17 03 2015  17 03  -17.5809 23815.2 -03365.7 -08.0441 24051.8
 17 03 2015  17 04  -17.5824 23814.2 -03364.5 -08.0416 24050.7
 17 03 2015  17 05  -17.5765 23818.2 -03362.1 -08.0346 24054.3
 17 03 2015  17 06  -17.5705 23828.1 -03356.6 -08.0183 24063.3
 17 03 2015  17 07  -17.5669 23835.8 -03351.2 -08.0031 24070.2
 17 03 2015  17 08  -17.5563 23844.9 -03346.0 -07.9879 24078.5
 17 03 2015  17 09  -17.5541 23848.2 -03342.9 -07.9793 24081.3
 17 03 2015  17 10  -17.5610 23843.6 -03343.3 -07.9818 24076.9
 17 03 2015  17 11  -17.5721 23832.4 -03347.8 -07.9962 24066.4
 17 03 2015  17 12  -17.5811 23823.4 -03352.5 -08.0101 24058.2
 17 03 2015  17 13  -17.5838 23820.2 -03354.8 -08.0166 24055.2
 17 03 2015  17 14  -17.5845 23821.9 -03354.4 -08.0152 24056.9
 17 03 2015  17 15  -17.5869 23824.3 -03353.4 -08.0121 24059.2
 17 03 2015  17 16  -17.5869 23830.5 -03349.5 -08.0007 24064.8
 17 03 2015  17 17  -17.5827 23833.3 -03346.8 -07.9934 24067.1
 17 03 2015  17 18  -17.5775 23841.2 -03342.4 -07.9806 24074.3
 17 03 2015  17 19  -17.5786 23844.9 -03338.8 -07.9708 24077.5
 17 03 2015  17 20  -17.5763 23848.4 -03336.5 -07.9643 24080.7
 17 03 2015  17 21  -17.5763 23849.9 -03334.9 -07.9599 24081.9
 17 03 2015  17 22  -17.5769 23848.5 -03334.4 -07.9591 24080.5
 17 03 2015  17 23  -17.5810 23844.7 -03335.4 -07.9628 24076.8
 17 03 2015  17 24  -17.5834 23843.3 -03335.9 -07.9645 24075.5
 17 03 2015  17 25  -17.5881 23843.5 -03335.9 -07.9645 24075.7
 17 03 2015  17 26  -17.5982 23833.8 -03338.8 -07.9745 24066.5
 17 03 2015  17 27  -17.6053 23820.7 -03344.7 -07.9928 24054.4
 17 03 2015  17 28  -17.6059 23816.0 -03347.7 -08.0013 24050.1
 17 03 2015  17 29  -17.6031 23818.9 -03346.9 -07.9986 24052.9
 17 03 2015  17 30  -17.6038 23822.0 -03345.6 -07.9943 24055.8
 17 03 2015  17 31  -17.6000 23827.0 -03342.8 -07.9860 24060.3
 17 03 2015  17 32  -17.5949 23841.3 -03338.0 -07.9700 24073.9
 17 03 2015  17 33  -17.5890 23853.0 -03330.8 -07.9493 24084.4
 17 03 2015  17 34  -17.5833 23861.6 -03327.3 -07.9381 24092.5
 17 03 2015  17 35  -17.5778 23875.7 -03320.8 -07.9183 24105.5
 17 03 2015  17 36  -17.5736 23883.3 -03316.4 -07.9054 24112.5
 17 03 2015  17 37  -17.5645 23890.1 -03312.8 -07.8949 24118.7
 17 03 2015  17 38  -17.5513 23900.6 -03307.2 -07.8782 24128.3
 17 03 2015  17 39  -17.5432 23906.1 -03303.9 -07.8687 24133.3
 17 03 2015  17 40  -17.5458 23904.2 -03304.7 -07.8711 24131.6
 17 03 2015  17 41  -17.5497 23904.5 -03305.4 -07.8728 24131.9
 17 03 2015  17 42  -17.5481 23905.6 -03304.9 -07.8711 24132.9
 17 03 2015  17 43  -17.5421 23912.5 -03302.0 -07.8620 24139.4
 17 03 2015  17 44  -17.5439 23912.5 -03301.3 -07.8603 24139.3
 17 03 2015  17 45  -17.5426 23910.7 -03302.6 -07.8641 24137.7
 17 03 2015  17 46  -17.5393 23911.3 -03302.0 -07.8625 24138.3
 17 03 2015  17 47  -17.5359 23909.0 -03302.7 -07.8649 24136.0
 17 03 2015  17 48  -17.5355 23908.5 -03303.2 -07.8661 24135.6
 17 03 2015  17 49  -17.5371 23908.6 -03302.5 -07.8646 24135.6
 17 03 2015  17 50  -17.5341 23907.2 -03302.6 -07.8653 24134.2
 17 03 2015  17 51  -17.5311 23905.9 -03302.4 -07.8651 24132.9
 17 03 2015  17 52  -17.5334 23902.8 -03302.8 -07.8670 24129.9
 17 03 2015  17 53  -17.5342 23896.1 -03304.7 -07.8736 24123.5
 17 03 2015  17 54  -17.5368 23887.4 -03307.5 -07.8831 24115.3
 17 03 2015  17 55  -17.5390 23880.9 -03309.6 -07.8903 24109.2
 17 03 2015  17 56  -17.5403 23878.9 -03309.7 -07.8911 24107.2
 17 03 2015  17 57  -17.5384 23879.3 -03308.2 -07.8875 24107.3
 17 03 2015  17 58  -17.5395 23876.1 -03308.3 -07.8887 24104.2
 17 03 2015  17 59  -17.5401 23872.6 -03308.7 -07.8908 24100.8
 17 03 2015  18 00  -17.5425 23868.2 -03309.3 -07.8936 24096.6
 17 03 2015  18 01  -17.5454 23865.1 -03309.8 -07.8958 24093.5
 17 03 2015  18 02  -17.5463 23863.7 -03309.2 -07.8950 24092.1
 17 03 2015  18 03  -17.5442 23864.7 -03307.8 -07.8913 24092.9
 17 03 2015  18 04  -17.5440 23865.8 -03306.6 -07.8882 24093.8
 17 03 2015  18 05  -17.5484 23864.4 -03306.8 -07.8890 24092.4
 17 03 2015  18 06  -17.5549 23861.6 -03307.7 -07.8920 24089.8
 17 03 2015  18 07  -17.5575 23860.3 -03307.8 -07.8926 24088.5
 17 03 2015  18 08  -17.5607 23859.0 -03307.6 -07.8926 24087.2
 17 03 2015  18 09  -17.5682 23855.2 -03308.8 -07.8968 24083.6
 17 03 2015  18 10  -17.5773 23851.8 -03310.4 -07.9016 24080.4
 17 03 2015  18 11  -17.5811 23849.3 -03311.1 -07.9041 24078.0
 17 03 2015  18 12  -17.5875 23846.0 -03312.2 -07.9079 24074.9
 17 03 2015  18 13  -17.5930 23845.6 -03312.6 -07.9089 24074.6
 17 03 2015  18 14  -17.5985 23846.2 -03312.6 -07.9086 24075.2
 17 03 2015  18 15  -17.6057 23845.3 -03312.7 -07.9092 24074.3
 17 03 2015  18 16  -17.6087 23844.9 -03312.9 -07.9098 24074.0
 17 03 2015  18 17  -17.6135 23842.6 -03313.5 -07.9119 24071.7
 17 03 2015  18 18  -17.6148 23843.2 -03313.5 -07.9117 24072.3
 17 03 2015  18 19  -17.6179 23843.0 -03313.8 -07.9125 24072.2
 17 03 2015  18 20  -17.6186 23843.4 -03313.4 -07.9115 24072.6
 17 03 2015  18 21  -17.6198 23843.4 -03313.5 -07.9116 24072.5
 17 03 2015  18 22  -17.6196 23843.1 -03314.2 -07.9134 24072.3
 17 03 2015  18 23  -17.6191 23842.5 -03314.7 -07.9148 24071.8
 17 03 2015  18 24  -17.6219 23841.3 -03315.8 -07.9177 24070.7
 17 03 2015  18 25  -17.6269 23840.0 -03316.6 -07.9200 24069.6
 17 03 2015  18 26  -17.6292 23840.2 -03316.9 -07.9207 24069.8
 17 03 2015  18 27  -17.6283 23841.5 -03316.4 -07.9192 24071.0
 17 03 2015  18 28  -17.6291 23843.2 -03316.2 -07.9181 24072.7
 17 03 2015  18 29  -17.6311 23843.8 -03316.0 -07.9175 24073.3
 17 03 2015  18 30  -17.6320 23845.7 -03315.9 -07.9165 24075.2
 17 03 2015  18 31  -17.6340 23845.9 -03316.7 -07.9183 24075.5
 17 03 2015  18 32  -17.6360 23845.7 -03317.7 -07.9207 24075.4
 17 03 2015  18 33  -17.6342 23847.1 -03317.7 -07.9203 24076.7
 17 03 2015  18 34  -17.6324 23848.8 -03316.8 -07.9176 24078.4
 17 03 2015  18 35  -17.6305 23850.8 -03316.6 -07.9166 24080.3
 17 03 2015  18 36  -17.6301 23849.7 -03317.6 -07.9192 24079.4
 17 03 2015  18 37  -17.6288 23848.4 -03318.7 -07.9223 24078.2
 17 03 2015  18 38  -17.6259 23848.5 -03319.3 -07.9237 24078.4
 17 03 2015  18 39  -17.6201 23851.6 -03317.7 -07.9189 24081.2
 17 03 2015  18 40  -17.6163 23851.7 -03317.9 -07.9193 24081.4
 17 03 2015  18 41  -17.6120 23852.2 -03317.8 -07.9189 24081.9
 17 03 2015  18 42  -17.6086 23852.6 -03317.8 -07.9188 24082.2
 17 03 2015  18 43  -17.6043 23855.8 -03316.7 -07.9151 24085.3
 17 03 2015  18 44  -17.6035 23856.3 -03316.9 -07.9154 24085.7
 17 03 2015  18 45  -17.6029 23852.7 -03318.5 -07.9204 24082.5
 17 03 2015  18 46  -17.6041 23848.4 -03320.3 -07.9260 24078.5
 17 03 2015  18 47  -17.6022 23847.8 -03320.7 -07.9271 24077.9
 17 03 2015  18 48  -17.5995 23848.5 -03319.9 -07.9252 24078.5
 17 03 2015  18 49  -17.5974 23848.6 -03319.9 -07.9250 24078.6
 17 03 2015  18 50  -17.5934 23850.6 -03319.3 -07.9229 24080.5
 17 03 2015  18 51  -17.5904 23850.2 -03319.0 -07.9223 24080.0
 17 03 2015  18 52  -17.5930 23844.4 -03321.0 -07.9290 24074.5
 17 03 2015  18 53  -17.5946 23836.5 -03324.0 -07.9386 24067.1
 17 03 2015  18 54  -17.5939 23834.5 -03324.7 -07.9409 24065.3
 17 03 2015  18 55  -17.5920 23836.1 -03323.8 -07.9384 24066.7
 17 03 2015  18 56  -17.5913 23836.4 -03322.9 -07.9360 24066.9
 17 03 2015  18 57  -17.5917 23837.5 -03322.1 -07.9339 24067.8
 17 03 2015  18 58  -17.5918 23840.3 -03320.7 -07.9297 24070.4
 17 03 2015  18 59  -17.5906 23842.7 -03319.5 -07.9261 24072.6
 17 03 2015  19 00  -17.5903 23842.8 -03318.7 -07.9242 24072.7
 17 03 2015  19 01  -17.5894 23839.0 -03319.4 -07.9271 24069.0
 17 03 2015  19 02  -17.5849 23836.7 -03320.6 -07.9305 24066.9
 17 03 2015  19 03  -17.5784 23836.8 -03320.2 -07.9296 24067.0
 17 03 2015  19 04  -17.5798 23839.1 -03318.8 -07.9256 24069.0
 17 03 2015  19 05  -17.5847 23842.1 -03317.3 -07.9211 24071.8
 17 03 2015  19 06  -17.5784 23847.6 -03315.4 -07.9148 24076.9
 17 03 2015  19 07  -17.5700 23851.7 -03313.4 -07.9086 24080.7
 17 03 2015  19 08  -17.5703 23849.6 -03314.1 -07.9111 24078.7
 17 03 2015  19 09  -17.5696 23846.9 -03315.4 -07.9150 24076.3
 17 03 2015  19 10  -17.5700 23845.0 -03316.8 -07.9188 24074.6
 17 03 2015  19 11  -17.5722 23842.5 -03318.2 -07.9230 24072.3
 17 03 2015  19 12  -17.5737 23838.2 -03320.0 -07.9287 24068.3
 17 03 2015  19 13  -17.5755 23830.6 -03323.2 -07.9387 24061.2
 17 03 2015  19 14  -17.5752 23827.2 -03324.6 -07.9432 24058.0
 17 03 2015  19 15  -17.5728 23823.8 -03325.7 -07.9468 24054.8
 17 03 2015  19 16  -17.5691 23821.5 -03326.3 -07.9489 24052.6
 17 03 2015  19 17  -17.5663 23818.7 -03327.4 -07.9525 24049.9
 17 03 2015  19 18  -17.5649 23815.4 -03328.1 -07.9552 24046.8
 17 03 2015  19 19  -17.5622 23812.7 -03329.3 -07.9590 24044.3
 17 03 2015  19 20  -17.5612 23809.0 -03330.4 -07.9628 24040.8
 17 03 2015  19 21  -17.5613 23807.0 -03330.9 -07.9646 24038.9
 17 03 2015  19 22  -17.5609 23806.8 -03330.8 -07.9644 24038.7
 17 03 2015  19 23  -17.5618 23807.0 -03329.7 -07.9620 24038.7
 17 03 2015  19 24  -17.5610 23808.4 -03328.9 -07.9596 24040.0
 17 03 2015  19 25  -17.5576 23811.7 -03327.9 -07.9561 24043.1
 17 03 2015  19 26  -17.5601 23814.6 -03326.8 -07.9524 24045.9
 17 03 2015  19 27  -17.5659 23813.6 -03326.2 -07.9514 24044.8
 17 03 2015  19 28  -17.5666 23810.8 -03327.6 -07.9556 24042.2
 17 03 2015  19 29  -17.5644 23808.3 -03328.2 -07.9578 24039.8
 17 03 2015  19 30  -17.5622 23807.0 -03328.9 -07.9601 24038.6
 17 03 2015  19 31  -17.5619 23807.9 -03329.4 -07.9608 24039.5
 17 03 2015  19 32  -17.5633 23809.8 -03328.6 -07.9582 24041.3
 17 03 2015  19 33  -17.5635 23811.2 -03328.2 -07.9569 24042.7
 17 03 2015  19 34  -17.5644 23812.2 -03328.2 -07.9565 24043.6
 17 03 2015  19 35  -17.5693 23809.1 -03329.3 -07.9603 24040.8
 17 03 2015  19 36  -17.5696 23803.6 -03331.2 -07.9666 24035.5
 17 03 2015  19 37  -17.5668 23802.7 -03331.8 -07.9682 24034.8
 17 03 2015  19 38  -17.5657 23803.6 -03331.7 -07.9676 24035.7
 17 03 2015  19 39  -17.5670 23803.5 -03331.7 -07.9677 24035.6
 17 03 2015  19 40  -17.5660 23804.8 -03331.3 -07.9663 24036.7
 17 03 2015  19 41  -17.5636 23808.6 -03329.6 -07.9611 24040.3
 17 03 2015  19 42  -17.5656 23810.0 -03328.8 -07.9587 24041.6
 17 03 2015  19 43  -17.5658 23811.4 -03328.5 -07.9575 24042.9
 17 03 2015  19 44  -17.5669 23812.2 -03328.3 -07.9568 24043.6
 17 03 2015  19 45  -17.5706 23811.2 -03329.1 -07.9591 24042.8
 17 03 2015  19 46  -17.5731 23808.4 -03330.2 -07.9625 24040.1
 17 03 2015  19 47  -17.5684 23807.8 -03330.5 -07.9634 24039.6
 17 03 2015  19 48  -17.5618 23811.4 -03329.5 -07.9599 24043.0
 17 03 2015  19 49  -17.5672 23814.6 -03328.9 -07.9575 24046.2
 17 03 2015  19 50  -17.5722 23814.5 -03328.8 -07.9572 24046.1
 17 03 2015  19 51  -17.5710 23814.8 -03328.7 -07.9569 24046.3
 17 03 2015  19 52  -17.5697 23815.3 -03328.4 -07.9560 24046.8
 17 03 2015  19 53  -17.5687 23815.1 -03328.4 -07.9562 24046.6
 17 03 2015  19 54  -17.5695 23814.3 -03328.9 -07.9576 24045.8
 17 03 2015  19 55  -17.5694 23813.8 -03329.3 -07.9586 24045.4
 17 03 2015  19 56  -17.5686 23814.5 -03329.0 -07.9578 24046.1
 17 03 2015  19 57  -17.5691 23813.9 -03329.3 -07.9586 24045.5
 17 03 2015  19 58  -17.5701 23813.0 -03329.9 -07.9603 24044.7
 17 03 2015  19 59  -17.5695 23813.0 -03329.7 -07.9599 24044.6
 17 03 2015  20 00  -17.5694 23811.7 -03330.1 -07.9613 24043.5
 17 03 2015  20 01  -17.5708 23808.9 -03331.0 -07.9643 24040.8
 17 03 2015  20 02  -17.5682 23809.3 -03330.3 -07.9626 24041.1
 17 03 2015  20 03  -17.5650 23810.8 -03329.3 -07.9597 24042.5
 17 03 2015  20 04  -17.5651 23809.7 -03329.5 -07.9605 24041.4
 17 03 2015  20 05  -17.5667 23807.2 -03330.6 -07.9639 24039.0
 17 03 2015  20 06  -17.5671 23805.9 -03330.9 -07.9651 24037.8
 17 03 2015  20 07  -17.5637 23808.5 -03329.5 -07.9609 24040.2
 17 03 2015  20 08  -17.5623 23811.6 -03328.3 -07.9569 24043.1
 17 03 2015  20 09  -17.5620 23811.2 -03328.2 -07.9569 24042.7
 17 03 2015  20 10  -17.5613 23811.8 -03327.9 -07.9559 24043.3
 17 03 2015  20 11  -17.5646 23809.7 -03328.6 -07.9584 24041.3
 17 03 2015  20 12  -17.5688 23804.2 -03331.0 -07.9658 24036.1
 17 03 2015  20 13  -17.5720 23799.2 -03332.7 -07.9716 24031.4
 17 03 2015  20 14  -17.5734 23796.5 -03333.5 -07.9743 24028.8
 17 03 2015  20 15  -17.5731 23797.2 -03332.5 -07.9718 24029.4
 17 03 2015  20 16  -17.5726 23796.3 -03332.5 -07.9719 24028.5
 17 03 2015  20 17  -17.5721 23794.8 -03332.6 -07.9728 24027.1
 17 03 2015  20 18  -17.5726 23794.4 -03332.6 -07.9730 24026.7
 17 03 2015  20 19  -17.5744 23793.4 -03332.7 -07.9735 24025.6
 17 03 2015  20 20  -17.5751 23792.1 -03332.7 -07.9740 24024.4
 17 03 2015  20 21  -17.5753 23791.0 -03332.7 -07.9743 24023.3
 17 03 2015  20 22  -17.5734 23791.4 -03332.4 -07.9734 24023.7
 17 03 2015  20 23  -17.5727 23792.9 -03331.9 -07.9718 24025.0
 17 03 2015  20 24  -17.5755 23791.7 -03332.2 -07.9728 24023.9
 17 03 2015  20 25  -17.5753 23789.9 -03332.8 -07.9748 24022.2
 17 03 2015  20 26  -17.5737 23789.6 -03332.9 -07.9752 24022.0
 17 03 2015  20 27  -17.5735 23786.9 -03333.4 -07.9773 24019.4
 17 03 2015  20 28  -17.5746 23784.8 -03334.2 -07.9799 24017.4
 17 03 2015  20 29  -17.5768 23785.3 -03333.7 -07.9785 24017.8
 17 03 2015  20 30  -17.5788 23785.4 -03333.4 -07.9778 24017.8
 17 03 2015  20 31  -17.5800 23784.5 -03333.8 -07.9791 24017.0
 17 03 2015  20 32  -17.5815 23782.5 -03334.7 -07.9818 24015.2
 17 03 2015  20 33  -17.5830 23782.3 -03335.1 -07.9829 24015.0
 17 03 2015  20 34  -17.5841 23781.9 -03335.3 -07.9833 24014.7
 17 03 2015  20 35  -17.5859 23783.0 -03335.0 -07.9824 24015.7
 17 03 2015  20 36  -17.5866 23785.0 -03334.5 -07.9805 24017.6
 17 03 2015  20 37  -17.5881 23787.2 -03334.0 -07.9787 24019.7
 17 03 2015  20 38  -17.5896 23788.4 -03334.1 -07.9783 24020.9
 17 03 2015  20 39  -17.5887 23788.3 -03334.5 -07.9793 24020.9
 17 03 2015  20 40  -17.5896 23787.6 -03335.1 -07.9811 24020.3
 17 03 2015  20 41  -17.5891 23788.1 -03335.3 -07.9814 24020.8
 17 03 2015  20 42  -17.5867 23789.7 -03334.9 -07.9797 24022.3
 17 03 2015  20 43  -17.5846 23790.7 -03334.8 -07.9794 24023.3
 17 03 2015  20 44  -17.5843 23790.6 -03335.5 -07.9810 24023.3
 17 03 2015  20 45  -17.5837 23790.4 -03336.2 -07.9827 24023.2
 17 03 2015  20 46  -17.5843 23792.1 -03336.3 -07.9823 24024.9
 17 03 2015  20 47  -17.5861 23793.0 -03336.7 -07.9829 24025.9
 17 03 2015  20 48  -17.5903 23792.3 -03337.6 -07.9854 24025.3
 17 03 2015  20 49  -17.5918 23792.8 -03337.7 -07.9853 24025.7
 17 03 2015  20 50  -17.5955 23790.1 -03338.9 -07.9892 24023.2
 17 03 2015  20 51  -17.5976 23787.3 -03340.0 -07.9926 24020.6
 17 03 2015  20 52  -17.5960 23786.2 -03340.3 -07.9937 24019.6
 17 03 2015  20 53  -17.5962 23783.1 -03341.3 -07.9972 24016.6
 17 03 2015  20 54  -17.5975 23779.5 -03342.6 -08.0013 24013.2
 17 03 2015  20 55  -17.5991 23776.5 -03343.4 -08.0042 24010.5
 17 03 2015  20 56  -17.6008 23776.1 -03343.1 -08.0037 24010.0
 17 03 2015  20 57  -17.6028 23775.3 -03343.2 -08.0042 24009.2
 17 03 2015  20 58  -17.6071 23773.4 -03343.3 -08.0051 24007.3
 17 03 2015  20 59  -17.6109 23772.7 -03343.6 -08.0061 24006.7
 17 03 2015  21 00  -17.6125 23775.0 -03342.6 -08.0029 24008.8
 17 03 2015  21 01  -17.6141 23775.5 -03342.4 -08.0023 24009.3
 17 03 2015  21 02  -17.6145 23777.1 -03341.9 -08.0005 24010.9
 17 03 2015  21 03  -17.6154 23777.7 -03342.4 -08.0015 24011.4
 17 03 2015  21 04  -17.6162 23776.9 -03343.0 -08.0033 24010.8
 17 03 2015  21 05  -17.6154 23776.5 -03343.2 -08.0038 24010.3
 17 03 2015  21 06  -17.6168 23773.2 -03344.2 -08.0073 24007.2
 17 03 2015  21 07  -17.6180 23771.0 -03345.0 -08.0099 24005.1
 17 03 2015  21 08  -17.6201 23766.5 -03346.2 -08.0142 24000.9
 17 03 2015  21 09  -17.6216 23764.6 -03346.3 -08.0152 23999.1
 17 03 2015  21 10  -17.6206 23764.9 -03345.5 -08.0132 23999.2
 17 03 2015  21 11  -17.6196 23765.4 -03345.3 -08.0126 23999.7
 17 03 2015  21 12  -17.6196 23765.5 -03345.0 -08.0117 23999.7
 17 03 2015  21 13  -17.6212 23764.4 -03345.7 -08.0139 23998.7
 17 03 2015  21 14  -17.6231 23764.3 -03345.5 -08.0134 23998.7
 17 03 2015  21 15  -17.6261 23764.8 -03345.6 -08.0135 23999.2
 17 03 2015  21 16  -17.6302 23764.3 -03345.9 -08.0143 23998.7
 17 03 2015  21 17  -17.6313 23764.0 -03346.0 -08.0145 23998.4
 17 03 2015  21 18  -17.6310 23765.6 -03345.5 -08.0130 24000.0
 17 03 2015  21 19  -17.6329 23765.5 -03345.9 -08.0138 23999.8
 17 03 2015  21 20  -17.6350 23764.2 -03346.8 -08.0164 23998.7
 17 03 2015  21 21  -17.6362 23761.9 -03347.3 -08.0184 23996.5
 17 03 2015  21 22  -17.6380 23758.7 -03348.2 -08.0216 23993.4
 17 03 2015  21 23  -17.6392 23755.7 -03349.1 -08.0247 23990.6
 17 03 2015  21 24  -17.6389 23754.5 -03349.2 -08.0253 23989.5
 17 03 2015  21 25  -17.6375 23754.1 -03348.6 -08.0241 23989.0
 17 03 2015  21 26  -17.6339 23754.6 -03347.9 -08.0223 23989.3
 17 03 2015  21 27  -17.6299 23754.5 -03347.4 -08.0212 23989.2
 17 03 2015  21 28  -17.6275 23753.6 -03347.8 -08.0224 23988.4
 17 03 2015  21 29  -17.6262 23751.3 -03348.5 -08.0248 23986.2
 17 03 2015  21 30  -17.6266 23748.4 -03349.3 -08.0277 23983.4
 17 03 2015  21 31  -17.6263 23746.7 -03349.7 -08.0292 23981.8
 17 03 2015  21 32  -17.6277 23743.7 -03350.4 -08.0318 23978.9
 17 03 2015  21 33  -17.6309 23740.6 -03351.2 -08.0348 23975.9
 17 03 2015  21 34  -17.6354 23737.8 -03352.1 -08.0377 23973.3
 17 03 2015  21 35  -17.6391 23736.1 -03352.2 -08.0386 23971.7
 17 03 2015  21 36  -17.6404 23736.3 -03352.5 -08.0392 23971.9
 17 03 2015  21 37  -17.6411 23736.2 -03350.9 -08.0356 23971.6
 17 03 2015  21 38  -17.6421 23735.9 -03351.7 -08.0374 23971.4
 17 03 2015  21 39  -17.6423 23736.1 -03351.3 -08.0364 23971.5
 17 03 2015  21 40  -17.6429 23735.9 -03351.9 -08.0379 23971.4
 17 03 2015  21 41  -17.6449 23734.6 -03351.9 -08.0384 23970.1
 17 03 2015  21 42  -17.6458 23734.2 -03352.1 -08.0390 23969.8
 17 03 2015  21 43  -17.6465 23733.7 -03352.6 -08.0403 23969.4
 17 03 2015  21 44  -17.6480 23733.2 -03352.3 -08.0397 23968.8
 17 03 2015  21 45  -17.6488 23733.4 -03352.0 -08.0391 23968.9
 17 03 2015  21 46  -17.6492 23734.0 -03351.7 -08.0380 23969.4
 17 03 2015  21 47  -17.6493 23734.4 -03351.5 -08.0376 23969.9
 17 03 2015  21 48  -17.6500 23734.1 -03351.6 -08.0377 23969.6
 17 03 2015  21 49  -17.6501 23734.7 -03351.3 -08.0370 23970.1
 17 03 2015  21 50  -17.6493 23736.3 -03351.2 -08.0362 23971.7
 17 03 2015  21 51  -17.6476 23738.1 -03350.6 -08.0341 23973.4
 17 03 2015  21 52  -17.6467 23739.0 -03350.4 -08.0333 23974.3
 17 03 2015  21 53  -17.6447 23740.6 -03350.4 -08.0329 23975.9
 17 03 2015  21 54  -17.6433 23741.7 -03350.2 -08.0320 23976.9
 17 03 2015  21 55  -17.6418 23742.7 -03350.4 -08.0322 23977.9
 17 03 2015  21 56  -17.6426 23742.4 -03350.9 -08.0334 23977.7
 17 03 2015  21 57  -17.6443 23741.5 -03351.0 -08.0340 23976.8
 17 03 2015  21 58  -17.6462 23740.0 -03352.1 -08.0369 23975.5
 17 03 2015  21 59  -17.6471 23739.3 -03352.3 -08.0378 23974.9
 17 03 2015  22 00  -17.6499 23738.1 -03353.6 -08.0413 23973.8
 17 03 2015  22 01  -17.6505 23738.5 -03353.5 -08.0408 23974.2
 17 03 2015  22 02  -17.6508 23738.9 -03353.6 -08.0409 23974.6
 17 03 2015  22 03  -17.6504 23738.9 -03352.5 -08.0385 23974.5
 17 03 2015  22 04  -17.6508 23738.3 -03353.0 -08.0398 23973.9
 17 03 2015  22 05  -17.6512 23737.7 -03353.7 -08.0416 23973.4
 17 03 2015  22 06  -17.6522 23735.8 -03353.4 -08.0416 23971.5
 17 03 2015  22 07  -17.6530 23734.7 -03354.8 -08.0453 23970.6
 17 03 2015  22 08  -17.6510 23735.9 -03355.1 -08.0456 23971.8
 17 03 2015  22 09  -17.6486 23737.0 -03353.1 -08.0405 23972.6
 17 03 2015  22 10  -17.6467 23737.4 -03352.7 -08.0394 23973.0
 17 03 2015  22 11  -17.6459 23737.9 -03354.9 -08.0444 23973.8
 17 03 2015  22 12  -17.6435 23738.8 -03354.0 -08.0419 23974.5
 17 03 2015  22 13  -17.6423 23737.8 -03354.6 -08.0437 23973.7
 17 03 2015  22 14  -17.6422 23735.9 -03355.6 -08.0466 23971.9
 17 03 2015  22 15  -17.6421 23733.5 -03356.1 -08.0488 23969.6
 17 03 2015  22 16  -17.6401 23731.9 -03356.0 -08.0489 23968.0
 17 03 2015  22 17  -17.6389 23729.7 -03356.1 -08.0499 23965.9
 17 03 2015  22 18  -17.6373 23728.0 -03356.4 -08.0511 23964.2
 17 03 2015  22 19  -17.6369 23726.8 -03356.9 -08.0529 23963.1
 17 03 2015  22 20  -17.6361 23726.7 -03356.9 -08.0528 23963.0
 17 03 2015  22 21  -17.6332 23727.8 -03356.0 -08.0504 23964.0
 17 03 2015  22 22  -17.6315 23729.6 -03356.9 -08.0519 23965.9
 17 03 2015  22 23  -17.6306 23730.4 -03355.5 -08.0483 23966.5
 17 03 2015  22 24  -17.6307 23731.4 -03356.2 -08.0497 23967.6
 17 03 2015  22 25  -17.6304 23733.2 -03357.3 -08.0517 23969.5
 17 03 2015  22 26  -17.6305 23734.5 -03356.4 -08.0490 23970.7
 17 03 2015  22 27  -17.6311 23735.1 -03356.9 -08.0500 23971.4
 17 03 2015  22 28  -17.6337 23734.0 -03358.2 -08.0536 23970.4
 17 03 2015  22 29  -17.6357 23733.6 -03358.6 -08.0545 23970.0
 17 03 2015  22 30  -17.6369 23733.6 -03357.6 -08.0522 23969.9
 17 03 2015  22 31  -17.6402 23732.0 -03358.2 -08.0542 23968.4
 17 03 2015  22 32  -17.6420 23732.3 -03359.2 -08.0563 23968.8
 17 03 2015  22 33  -17.6424 23733.6 -03358.7 -08.0549 23970.1
 17 03 2015  22 34  -17.6426 23733.9 -03357.4 -08.0517 23970.2
 17 03 2015  22 35  -17.6448 23732.1 -03358.0 -08.0537 23968.5
 17 03 2015  22 36  -17.6469 23730.5 -03358.2 -08.0546 23966.9
 17 03 2015  22 37  -17.6476 23729.1 -03358.4 -08.0556 23965.6
 17 03 2015  22 38  -17.6470 23727.9 -03358.1 -08.0554 23964.3
 17 03 2015  22 39  -17.6472 23726.8 -03357.8 -08.0550 23963.2
 17 03 2015  22 40  -17.6460 23726.5 -03357.3 -08.0539 23962.8
 17 03 2015  22 41  -17.6419 23728.9 -03357.4 -08.0534 23965.2
 17 03 2015  22 42  -17.6412 23727.4 -03357.6 -08.0544 23963.7
 17 03 2015  22 43  -17.6410 23725.6 -03357.9 -08.0555 23962.1
 17 03 2015  22 44  -17.6393 23724.4 -03357.8 -08.0559 23960.8
 17 03 2015  22 45  -17.6371 23723.1 -03357.6 -08.0556 23959.5
 17 03 2015  22 46  -17.6356 23721.9 -03356.8 -08.0543 23958.2
 17 03 2015  22 47  -17.6320 23722.6 -03356.5 -08.0533 23958.9
 17 03 2015  22 48  -17.6287 23722.8 -03356.1 -08.0523 23959.0
 17 03 2015  22 49  -17.6271 23722.6 -03356.7 -08.0537 23958.9
 17 03 2015  22 50  -17.6259 23722.2 -03356.5 -08.0534 23958.5
 17 03 2015  22 51  -17.6248 23722.4 -03356.5 -08.0533 23958.6
 17 03 2015  22 52  -17.6237 23721.9 -03356.7 -08.0540 23958.2
 17 03 2015  22 53  -17.6235 23720.2 -03356.7 -08.0545 23956.5
 17 03 2015  22 54  -17.6231 23719.3 -03356.9 -08.0554 23955.7
 17 03 2015  22 55  -17.6214 23718.6 -03356.5 -08.0547 23954.9
 17 03 2015  22 56  -17.6212 23717.0 -03356.5 -08.0552 23953.3
 17 03 2015  22 57  -17.6206 23717.0 -03356.5 -08.0552 23953.3
 17 03 2015  22 58  -17.6213 23714.7 -03356.9 -08.0568 23951.1
 17 03 2015  22 59  -17.6215 23714.1 -03356.7 -08.0567 23950.5
 17 03 2015  23 00  -17.6197 23714.1 -03356.4 -08.0560 23950.5
 17 03 2015  23 01  -17.6183 23713.5 -03356.3 -08.0560 23949.8
 17 03 2015  23 02  -17.6185 23713.5 -03356.8 -08.0571 23949.9
 17 03 2015  23 03  -17.6193 23713.4 -03357.2 -08.0581 23949.8
 17 03 2015  23 04  -17.6183 23714.3 -03356.6 -08.0563 23950.7
 17 03 2015  23 05  -17.6188 23712.7 -03357.0 -08.0577 23949.2
 17 03 2015  23 06  -17.6185 23712.9 -03356.8 -08.0573 23949.3
 17 03 2015  23 07  -17.6163 23713.1 -03355.4 -08.0538 23949.3
 17 03 2015  23 08  -17.6138 23709.5 -03356.5 -08.0576 23945.9
 17 03 2015  23 09  -17.6119 23709.5 -03356.3 -08.0572 23945.9
 17 03 2015  23 10  -17.6132 23707.1 -03356.4 -08.0584 23943.5
 17 03 2015  23 11  -17.6161 23703.2 -03357.5 -08.0621 23939.9
 17 03 2015  23 12  -17.6212 23699.6 -03358.3 -08.0652 23936.3
 17 03 2015  23 13  -17.6252 23699.4 -03357.9 -08.0644 23936.1
 17 03 2015  23 14  -17.6284 23700.4 -03357.7 -08.0635 23937.1
 17 03 2015  23 15  -17.6344 23699.9 -03358.4 -08.0654 23936.6
 17 03 2015  23 16  -17.6403 23700.0 -03358.5 -08.0656 23936.8
 17 03 2015  23 17  -17.6461 23700.8 -03358.7 -08.0658 23937.6
 17 03 2015  23 18  -17.6506 23701.8 -03358.6 -08.0653 23938.5
 17 03 2015  23 19  -17.6545 23703.2 -03358.6 -08.0648 23940.0
 17 03 2015  23 20  -17.6575 23705.0 -03358.2 -08.0631 23941.7
 17 03 2015  23 21  -17.6576 23707.0 -03357.9 -08.0619 23943.7
 17 03 2015  23 22  -17.6583 23708.5 -03357.7 -08.0609 23945.0
 17 03 2015  23 23  -17.6597 23709.6 -03357.9 -08.0609 23946.2
 17 03 2015  23 24  -17.6611 23710.8 -03357.8 -08.0603 23947.3
 17 03 2015  23 25  -17.6610 23711.8 -03357.2 -08.0584 23948.3
 17 03 2015  23 26  -17.6611 23714.2 -03357.3 -08.0579 23950.7
 17 03 2015  23 27  -17.6621 23716.2 -03357.1 -08.0568 23952.6
 17 03 2015  23 28  -17.6618 23719.5 -03355.7 -08.0523 23955.7
 17 03 2015  23 29  -17.6629 23720.8 -03356.2 -08.0531 23957.0
 17 03 2015  23 30  -17.6659 23722.2 -03356.6 -08.0536 23958.5
 17 03 2015  23 31  -17.6688 23724.3 -03356.6 -08.0529 23960.6
 17 03 2015  23 32  -17.6695 23727.5 -03356.0 -08.0505 23963.6
 17 03 2015  23 33  -17.6715 23729.8 -03356.0 -08.0497 23966.0
 17 03 2015  23 34  -17.6739 23731.9 -03356.2 -08.0494 23968.0
 17 03 2015  23 35  -17.6741 23735.1 -03355.5 -08.0468 23971.1
 17 03 2015  23 36  -17.6748 23738.3 -03355.4 -08.0454 23974.3
 17 03 2015  23 37  -17.6763 23741.5 -03355.0 -08.0435 23977.4
 17 03 2015  23 38  -17.6783 23743.2 -03355.4 -08.0438 23979.1
 17 03 2015  23 39  -17.6809 23745.2 -03355.5 -08.0434 23981.1
 17 03 2015  23 40  -17.6844 23746.9 -03356.1 -08.0441 23982.9
 17 03 2015  23 41  -17.6870 23749.3 -03355.9 -08.0430 23985.2
 17 03 2015  23 42  -17.6886 23752.3 -03355.3 -08.0405 23988.2
 17 03 2015  23 43  -17.6912 23754.0 -03355.6 -08.0408 23989.8
 17 03 2015  23 44  -17.6939 23755.3 -03355.6 -08.0402 23991.2
 17 03 2015  23 45  -17.6966 23755.8 -03356.1 -08.0411 23991.7
 17 03 2015  23 46  -17.6976 23757.2 -03355.8 -08.0401 23993.0
 17 03 2015  23 47  -17.6978 23758.6 -03355.7 -08.0394 23994.4
 17 03 2015  23 48  -17.6989 23760.6 -03355.4 -08.0380 23996.4
 17 03 2015  23 49  -17.6992 23762.7 -03355.2 -08.0369 23998.4
 17 03 2015  23 50  -17.6987 23764.9 -03354.8 -08.0352 24000.5
 17 03 2015  23 51  -17.6981 23766.9 -03354.7 -08.0341 24002.5
 17 03 2015  23 52  -17.6968 23768.1 -03354.5 -08.0333 24003.6
 17 03 2015  23 53  -17.6950 23769.4 -03354.5 -08.0330 24004.9
 17 03 2015  23 54  -17.6934 23770.9 -03354.4 -08.0321 24006.5
 17 03 2015  23 55  -17.6921 23772.2 -03354.4 -08.0317 24007.7
 17 03 2015  23 56  -17.6902 23772.2 -03354.8 -08.0327 24007.8
 17 03 2015  23 57  -17.6892 23772.8 -03355.0 -08.0328 24008.4
 17 03 2015  23 58  -17.6887 23774.6 -03354.4 -08.0311 24010.1
