ALTA FLORESTA MAGLISN-04 <079> 1 Min. Reported data

 DD MM YYYY  HH MM   D(Deg)  H(nT)   Z(nT)   I(Deg)   F(nT)

 20 03 2015  00 00  -17.5220 23940.3 -03361.3 -07.9923 24175.1
 20 03 2015  00 01  -17.5217 23940.1 -03361.4 -07.9925 24175.0
 20 03 2015  00 02  -17.5211 23940.4 -03361.1 -07.9918 24175.2
 20 03 2015  00 03  -17.5208 23940.7 -03361.1 -07.9916 24175.5
 20 03 2015  00 04  -17.5208 23940.9 -03361.1 -07.9916 24175.7
 20 03 2015  00 05  -17.5208 23941.0 -03361.2 -07.9918 24175.8
 20 03 2015  00 06  -17.5208 23941.0 -03361.1 -07.9916 24175.8
 20 03 2015  00 07  -17.5210 23940.8 -03361.2 -07.9919 24175.6
 20 03 2015  00 08  -17.5214 23940.6 -03361.2 -07.9920 24175.4
 20 03 2015  00 09  -17.5219 23940.2 -03361.3 -07.9924 24175.0
 20 03 2015  00 10  -17.5222 23940.0 -03361.3 -07.9924 24174.8
 20 03 2015  00 11  -17.5223 23939.9 -03361.3 -07.9923 24174.7
 20 03 2015  00 12  -17.5231 23938.7 -03361.7 -07.9938 24173.6
 20 03 2015  00 13  -17.5234 23937.7 -03361.5 -07.9936 24172.5
 20 03 2015  00 14  -17.5236 23937.1 -03361.4 -07.9937 24172.0
 20 03 2015  00 15  -17.5244 23936.7 -03361.5 -07.9939 24171.6
 20 03 2015  00 16  -17.5250 23936.7 -03361.4 -07.9936 24171.6
 20 03 2015  00 17  -17.5254 23937.1 -03361.3 -07.9933 24171.9
 20 03 2015  00 18  -17.5257 23937.7 -03360.9 -07.9922 24172.5
 20 03 2015  00 19  -17.5263 23938.5 -03360.7 -07.9915 24173.2
 20 03 2015  00 20  -17.5270 23939.2 -03360.7 -07.9912 24174.0
 20 03 2015  00 21  -17.5281 23939.6 -03360.4 -07.9904 24174.3
 20 03 2015  00 22  -17.5298 23939.5 -03361.0 -07.9918 24174.3
 20 03 2015  00 23  -17.5317 23938.9 -03361.4 -07.9931 24173.8
 20 03 2015  00 24  -17.5335 23938.1 -03361.7 -07.9940 24173.0
 20 03 2015  00 25  -17.5348 23937.5 -03362.0 -07.9949 24172.4
 20 03 2015  00 26  -17.5357 23936.8 -03361.6 -07.9942 24171.7
 20 03 2015  00 27  -17.5369 23936.3 -03361.8 -07.9947 24171.2
 20 03 2015  00 28  -17.5380 23936.0 -03362.1 -07.9955 24170.9
 20 03 2015  00 29  -17.5389 23935.6 -03362.1 -07.9957 24170.5
 20 03 2015  00 30  -17.5399 23935.1 -03362.3 -07.9963 24170.1
 20 03 2015  00 31  -17.5408 23934.4 -03362.1 -07.9960 24169.4
 20 03 2015  00 32  -17.5417 23933.9 -03362.3 -07.9967 24168.9
 20 03 2015  00 33  -17.5426 23933.3 -03362.5 -07.9975 24168.4
 20 03 2015  00 34  -17.5433 23932.7 -03362.7 -07.9981 24167.8
 20 03 2015  00 35  -17.5445 23932.0 -03362.8 -07.9985 24167.1
 20 03 2015  00 36  -17.5456 23931.2 -03362.7 -07.9987 24166.3
 20 03 2015  00 37  -17.5467 23930.6 -03362.8 -07.9990 24165.7
 20 03 2015  00 38  -17.5476 23930.2 -03363.0 -07.9996 24165.3
 20 03 2015  00 39  -17.5485 23929.9 -03362.8 -07.9993 24165.0
 20 03 2015  00 40  -17.5495 23929.7 -03363.0 -07.9998 24164.9
 20 03 2015  00 41  -17.5506 23929.5 -03363.0 -07.9997 24164.7
 20 03 2015  00 42  -17.5511 23929.3 -03363.0 -07.9998 24164.5
 20 03 2015  00 43  -17.5515 23929.0 -03363.0 -08.0001 24164.1
 20 03 2015  00 44  -17.5517 23928.6 -03363.1 -08.0003 24163.8
 20 03 2015  00 45  -17.5513 23928.3 -03362.9 -07.9999 24163.4
 20 03 2015  00 46  -17.5510 23928.0 -03362.8 -07.9999 24163.2
 20 03 2015  00 47  -17.5503 23927.7 -03362.7 -07.9998 24162.8
 20 03 2015  00 48  -17.5498 23927.4 -03362.8 -08.0000 24162.6
 20 03 2015  00 49  -17.5494 23927.2 -03362.7 -07.9999 24162.4
 20 03 2015  00 50  -17.5492 23927.0 -03362.7 -07.9999 24162.2
 20 03 2015  00 51  -17.5493 23926.9 -03362.8 -08.0002 24162.1
 20 03 2015  00 52  -17.5495 23926.5 -03362.7 -08.0002 24161.7
 20 03 2015  00 53  -17.5489 23926.1 -03362.8 -08.0004 24161.2
 20 03 2015  00 54  -17.5486 23925.7 -03362.8 -08.0006 24160.8
 20 03 2015  00 55  -17.5483 23925.2 -03362.6 -08.0004 24160.4
 20 03 2015  00 56  -17.5480 23924.8 -03362.8 -08.0010 24159.9
 20 03 2015  00 57  -17.5478 23924.3 -03362.9 -08.0012 24159.5
 20 03 2015  00 58  -17.5480 23924.0 -03362.8 -08.0013 24159.1
 20 03 2015  00 59  -17.5485 23923.6 -03363.0 -08.0016 24158.8
 20 03 2015  01 00  -17.5491 23923.2 -03363.0 -08.0019 24158.4
 20 03 2015  01 01  -17.5495 23922.8 -03363.1 -08.0022 24158.0
 20 03 2015  01 02  -17.5499 23922.5 -03363.1 -08.0023 24157.7
 20 03 2015  01 03  -17.5506 23922.2 -03363.0 -08.0022 24157.4
 20 03 2015  01 04  -17.5511 23921.7 -03363.0 -08.0024 24157.0
 20 03 2015  01 05  -17.5514 23921.6 -03362.8 -08.0021 24156.8
 20 03 2015  01 06  -17.5518 23921.5 -03362.8 -08.0019 24156.7
 20 03 2015  01 07  -17.5515 23921.8 -03362.5 -08.0011 24157.0
 20 03 2015  01 08  -17.5508 23922.0 -03362.5 -08.0010 24157.2
 20 03 2015  01 09  -17.5503 23922.3 -03362.3 -08.0006 24157.4
 20 03 2015  01 10  -17.5502 23922.2 -03362.3 -08.0006 24157.3
 20 03 2015  01 11  -17.5500 23922.4 -03362.3 -08.0004 24157.5
 20 03 2015  01 12  -17.5500 23923.1 -03362.2 -08.0001 24158.2
 20 03 2015  01 13  -17.5502 23923.6 -03362.1 -07.9996 24158.6
 20 03 2015  01 14  -17.5509 23923.6 -03362.2 -07.9998 24158.7
 20 03 2015  01 15  -17.5515 23924.0 -03362.6 -08.0008 24159.1
 20 03 2015  01 16  -17.5525 23924.2 -03362.3 -07.9999 24159.3
 20 03 2015  01 17  -17.5533 23924.7 -03362.4 -07.9999 24159.8
 20 03 2015  01 18  -17.5542 23925.5 -03362.0 -07.9988 24160.6
 20 03 2015  01 19  -17.5553 23926.1 -03362.0 -07.9985 24161.2
 20 03 2015  01 20  -17.5561 23927.1 -03361.8 -07.9978 24162.2
 20 03 2015  01 21  -17.5564 23928.6 -03361.4 -07.9964 24163.6
 20 03 2015  01 22  -17.5570 23930.1 -03361.5 -07.9961 24165.0
 20 03 2015  01 23  -17.5579 23931.5 -03361.5 -07.9955 24166.4
 20 03 2015  01 24  -17.5585 23932.8 -03361.3 -07.9948 24167.7
 20 03 2015  01 25  -17.5587 23934.2 -03361.2 -07.9941 24169.1
 20 03 2015  01 26  -17.5590 23935.4 -03361.2 -07.9936 24170.2
 20 03 2015  01 27  -17.5592 23936.5 -03361.2 -07.9932 24171.4
 20 03 2015  01 28  -17.5598 23937.4 -03361.1 -07.9927 24172.2
 20 03 2015  01 29  -17.5603 23938.0 -03361.2 -07.9928 24172.8
 20 03 2015  01 30  -17.5606 23938.7 -03361.2 -07.9926 24173.6
 20 03 2015  01 31  -17.5609 23939.4 -03361.2 -07.9923 24174.2
 20 03 2015  01 32  -17.5611 23939.5 -03361.2 -07.9923 24174.3
 20 03 2015  01 33  -17.5609 23939.8 -03361.4 -07.9926 24174.6
 20 03 2015  01 34  -17.5602 23940.2 -03361.3 -07.9923 24175.0
 20 03 2015  01 35  -17.5597 23940.6 -03360.9 -07.9911 24175.4
 20 03 2015  01 36  -17.5584 23941.6 -03360.6 -07.9903 24176.3
 20 03 2015  01 37  -17.5569 23942.2 -03360.6 -07.9900 24176.9
 20 03 2015  01 38  -17.5555 23942.4 -03360.7 -07.9901 24177.1
 20 03 2015  01 39  -17.5538 23942.9 -03360.4 -07.9892 24177.6
 20 03 2015  01 40  -17.5519 23943.0 -03360.4 -07.9893 24177.7
 20 03 2015  01 41  -17.5501 23942.9 -03360.3 -07.9892 24177.5
 20 03 2015  01 42  -17.5483 23943.0 -03360.3 -07.9890 24177.6
 20 03 2015  01 43  -17.5460 23943.2 -03360.2 -07.9888 24177.9
 20 03 2015  01 44  -17.5433 23943.6 -03360.0 -07.9881 24178.2
 20 03 2015  01 45  -17.5412 23943.8 -03360.0 -07.9881 24178.4
 20 03 2015  01 46  -17.5391 23943.9 -03360.0 -07.9881 24178.5
 20 03 2015  01 47  -17.5372 23944.1 -03360.0 -07.9878 24178.7
 20 03 2015  01 48  -17.5356 23944.5 -03360.0 -07.9878 24179.1
 20 03 2015  01 49  -17.5340 23945.1 -03359.8 -07.9872 24179.7
 20 03 2015  01 50  -17.5325 23946.0 -03359.7 -07.9867 24180.6
 20 03 2015  01 51  -17.5307 23946.9 -03359.5 -07.9858 24181.4
 20 03 2015  01 52  -17.5289 23948.0 -03359.4 -07.9852 24182.5
 20 03 2015  01 53  -17.5274 23949.3 -03359.4 -07.9847 24183.7
 20 03 2015  01 54  -17.5261 23950.5 -03359.3 -07.9842 24184.9
 20 03 2015  01 55  -17.5250 23951.6 -03359.4 -07.9842 24186.0
 20 03 2015  01 56  -17.5239 23952.3 -03359.3 -07.9836 24186.7
 20 03 2015  01 57  -17.5229 23952.9 -03359.7 -07.9844 24187.3
 20 03 2015  01 58  -17.5219 23953.2 -03359.8 -07.9844 24187.7
 20 03 2015  01 59  -17.5211 23953.3 -03359.7 -07.9841 24187.8
 20 03 2015  02 00  -17.5207 23953.3 -03359.9 -07.9848 24187.8
 20 03 2015  02 01  -17.5210 23952.9 -03360.1 -07.9852 24187.4
 20 03 2015  02 02  -17.5216 23952.1 -03360.5 -07.9865 24186.7
 20 03 2015  02 03  -17.5220 23951.3 -03360.6 -07.9871 24185.9
 20 03 2015  02 04  -17.5222 23950.4 -03360.9 -07.9879 24185.0
 20 03 2015  02 05  -17.5222 23949.4 -03360.9 -07.9883 24184.0
 20 03 2015  02 06  -17.5223 23948.4 -03361.0 -07.9888 24183.1
 20 03 2015  02 07  -17.5224 23947.6 -03361.0 -07.9890 24182.3
 20 03 2015  02 08  -17.5223 23946.9 -03361.1 -07.9896 24181.6
 20 03 2015  02 09  -17.5219 23946.2 -03361.1 -07.9899 24180.9
 20 03 2015  02 10  -17.5213 23945.5 -03360.7 -07.9891 24180.2
 20 03 2015  02 11  -17.5211 23945.2 -03361.0 -07.9900 24179.9
 20 03 2015  02 12  -17.5206 23944.9 -03361.0 -07.9900 24179.6
 20 03 2015  02 13  -17.5199 23944.7 -03360.8 -07.9896 24179.4
 20 03 2015  02 14  -17.5191 23944.6 -03360.9 -07.9900 24179.4
 20 03 2015  02 15  -17.5179 23944.7 -03360.7 -07.9894 24179.4
 20 03 2015  02 16  -17.5166 23945.0 -03360.6 -07.9891 24179.7
 20 03 2015  02 17  -17.5153 23945.2 -03360.3 -07.9884 24179.8
 20 03 2015  02 18  -17.5144 23945.6 -03360.4 -07.9885 24180.2
 20 03 2015  02 19  -17.5143 23945.9 -03360.7 -07.9891 24180.6
 20 03 2015  02 20  -17.5145 23946.0 -03360.9 -07.9895 24180.7
 20 03 2015  02 21  -17.5149 23945.6 -03361.1 -07.9900 24180.4
 20 03 2015  02 22  -17.5157 23944.9 -03361.3 -07.9909 24179.7
 20 03 2015  02 23  -17.5169 23944.1 -03361.3 -07.9910 24178.9
 20 03 2015  02 24  -17.5181 23943.3 -03361.8 -07.9925 24178.2
 20 03 2015  02 25  -17.5194 23942.3 -03362.0 -07.9931 24177.2
 20 03 2015  02 26  -17.5204 23941.6 -03361.8 -07.9929 24176.5
 20 03 2015  02 27  -17.5211 23941.3 -03361.8 -07.9930 24176.1
 20 03 2015  02 28  -17.5216 23940.9 -03361.8 -07.9932 24175.8
 20 03 2015  02 29  -17.5222 23940.5 -03361.7 -07.9931 24175.3
 20 03 2015  02 30  -17.5223 23940.1 -03361.7 -07.9932 24175.0
 20 03 2015  02 31  -17.5222 23939.9 -03361.8 -07.9935 24174.8
 20 03 2015  02 32  -17.5219 23939.8 -03361.6 -07.9932 24174.7
 20 03 2015  02 33  -17.5215 23939.7 -03361.6 -07.9931 24174.6
 20 03 2015  02 34  -17.5214 23939.7 -03361.6 -07.9931 24174.6
 20 03 2015  02 35  -17.5213 23939.9 -03361.7 -07.9932 24174.7
 20 03 2015  02 36  -17.5212 23940.2 -03361.3 -07.9923 24175.0
 20 03 2015  02 37  -17.5211 23940.6 -03361.4 -07.9924 24175.5
 20 03 2015  02 38  -17.5209 23941.0 -03361.3 -07.9921 24175.8
 20 03 2015  02 39  -17.5205 23941.6 -03361.4 -07.9921 24176.4
 20 03 2015  02 40  -17.5203 23942.0 -03361.3 -07.9918 24176.8
 20 03 2015  02 41  -17.5202 23942.4 -03361.5 -07.9920 24177.2
 20 03 2015  02 42  -17.5199 23942.5 -03361.5 -07.9921 24177.3
 20 03 2015  02 43  -17.5198 23942.2 -03361.8 -07.9928 24177.1
 20 03 2015  02 44  -17.5198 23941.9 -03361.9 -07.9932 24176.8
 20 03 2015  02 45  -17.5197 23941.6 -03362.1 -07.9936 24176.5
 20 03 2015  02 46  -17.5196 23941.1 -03362.0 -07.9937 24176.1
 20 03 2015  02 47  -17.5195 23940.8 -03362.0 -07.9938 24175.7
 20 03 2015  02 48  -17.5194 23940.6 -03362.1 -07.9940 24175.6
 20 03 2015  02 49  -17.5193 23940.7 -03362.1 -07.9940 24175.6
 20 03 2015  02 50  -17.5193 23940.8 -03361.9 -07.9934 24175.7
 20 03 2015  02 51  -17.5193 23940.8 -03361.9 -07.9935 24175.7
 20 03 2015  02 52  -17.5193 23940.4 -03362.0 -07.9940 24175.3
 20 03 2015  02 53  -17.5193 23939.9 -03362.3 -07.9947 24174.9
 20 03 2015  02 54  -17.5193 23939.6 -03362.0 -07.9942 24174.5
 20 03 2015  02 55  -17.5195 23939.4 -03362.1 -07.9945 24174.4
 20 03 2015  02 56  -17.5196 23939.5 -03362.0 -07.9942 24174.4
 20 03 2015  02 57  -17.5196 23939.8 -03362.0 -07.9940 24174.8
 20 03 2015  02 58  -17.5197 23940.1 -03362.0 -07.9940 24175.0
 20 03 2015  02 59  -17.5198 23940.0 -03362.0 -07.9939 24174.9
 20 03 2015  03 00  -17.5198 23939.5 -03361.9 -07.9940 24174.4
 20 03 2015  03 01  -17.5196 23938.8 -03362.4 -07.9953 24173.8
 20 03 2015  03 02  -17.5191 23938.0 -03362.3 -07.9954 24173.0
 20 03 2015  03 03  -17.5189 23937.4 -03362.7 -07.9965 24172.4
 20 03 2015  03 04  -17.5188 23937.2 -03362.4 -07.9959 24172.2
 20 03 2015  03 05  -17.5193 23937.2 -03362.6 -07.9963 24172.3
 20 03 2015  03 06  -17.5201 23937.7 -03362.4 -07.9958 24172.7
 20 03 2015  03 07  -17.5211 23938.1 -03362.3 -07.9953 24173.1
 20 03 2015  03 08  -17.5221 23938.5 -03362.1 -07.9948 24173.4
 20 03 2015  03 09  -17.5225 23938.5 -03362.5 -07.9957 24173.5
 20 03 2015  03 10  -17.5221 23938.5 -03362.7 -07.9962 24173.6
 20 03 2015  03 11  -17.5217 23938.3 -03362.3 -07.9953 24173.2
 20 03 2015  03 12  -17.5215 23938.2 -03362.6 -07.9961 24173.2
 20 03 2015  03 13  -17.5215 23938.1 -03362.5 -07.9958 24173.1
 20 03 2015  03 14  -17.5216 23937.9 -03362.7 -07.9964 24173.0
 20 03 2015  03 15  -17.5214 23938.1 -03362.4 -07.9955 24173.1
 20 03 2015  03 16  -17.5214 23938.1 -03362.5 -07.9957 24173.1
 20 03 2015  03 17  -17.5212 23937.9 -03362.5 -07.9959 24172.9
 20 03 2015  03 18  -17.5212 23937.6 -03362.5 -07.9960 24172.6
 20 03 2015  03 19  -17.5212 23937.2 -03362.5 -07.9960 24172.2
 20 03 2015  03 20  -17.5217 23936.9 -03363.0 -07.9975 24172.0
 20 03 2015  03 21  -17.5222 23936.7 -03363.2 -07.9979 24171.8
 20 03 2015  03 22  -17.5223 23936.4 -03362.8 -07.9970 24171.5
 20 03 2015  03 23  -17.5226 23936.0 -03362.9 -07.9973 24171.1
 20 03 2015  03 24  -17.5230 23935.7 -03363.0 -07.9977 24170.8
 20 03 2015  03 25  -17.5235 23935.5 -03363.0 -07.9979 24170.6
 20 03 2015  03 26  -17.5238 23935.3 -03363.1 -07.9981 24170.4
 20 03 2015  03 27  -17.5240 23935.1 -03363.2 -07.9985 24170.2
 20 03 2015  03 28  -17.5242 23935.1 -03363.3 -07.9987 24170.3
 20 03 2015  03 29  -17.5242 23935.2 -03363.2 -07.9983 24170.3
 20 03 2015  03 30  -17.5242 23935.6 -03363.2 -07.9982 24170.7
 20 03 2015  03 31  -17.5243 23936.1 -03363.2 -07.9981 24171.2
 20 03 2015  03 32  -17.5242 23936.8 -03363.0 -07.9974 24171.9
 20 03 2015  03 33  -17.5241 23937.6 -03363.1 -07.9974 24172.7
 20 03 2015  03 34  -17.5237 23938.4 -03363.0 -07.9969 24173.5
 20 03 2015  03 35  -17.5233 23939.2 -03363.1 -07.9968 24174.3
 20 03 2015  03 36  -17.5233 23939.7 -03363.2 -07.9969 24174.8
 20 03 2015  03 37  -17.5237 23939.8 -03363.3 -07.9971 24174.9
 20 03 2015  03 38  -17.5240 23939.6 -03363.5 -07.9977 24174.7
 20 03 2015  03 39  -17.5240 23939.2 -03363.6 -07.9979 24174.3
 20 03 2015  03 40  -17.5240 23938.9 -03363.6 -07.9982 24174.0
 20 03 2015  03 41  -17.5240 23938.6 -03363.7 -07.9984 24173.8
 20 03 2015  03 42  -17.5241 23938.4 -03363.7 -07.9985 24173.6
 20 03 2015  03 43  -17.5241 23938.5 -03363.6 -07.9982 24173.6
 20 03 2015  03 44  -17.5241 23938.6 -03363.6 -07.9983 24173.7
 20 03 2015  03 45  -17.5243 23938.5 -03363.5 -07.9980 24173.7
 20 03 2015  03 46  -17.5247 23938.4 -03363.7 -07.9985 24173.6
 20 03 2015  03 47  -17.5251 23938.4 -03363.6 -07.9983 24173.6
 20 03 2015  03 48  -17.5255 23938.3 -03363.6 -07.9983 24173.4
 20 03 2015  03 49  -17.5257 23938.3 -03363.5 -07.9980 24173.4
 20 03 2015  03 50  -17.5264 23938.2 -03363.4 -07.9980 24173.3
 20 03 2015  03 51  -17.5268 23938.3 -03363.5 -07.9981 24173.5
 20 03 2015  03 52  -17.5270 23938.2 -03363.6 -07.9984 24173.4
 20 03 2015  03 53  -17.5270 23938.0 -03363.5 -07.9982 24173.2
 20 03 2015  03 54  -17.5269 23938.1 -03363.5 -07.9982 24173.2
 20 03 2015  03 55  -17.5265 23938.0 -03363.3 -07.9978 24173.1
 20 03 2015  03 56  -17.5258 23938.1 -03363.1 -07.9973 24173.2
 20 03 2015  03 57  -17.5252 23938.4 -03363.0 -07.9968 24173.5
 20 03 2015  03 58  -17.5248 23938.5 -03363.0 -07.9970 24173.6
 20 03 2015  03 59  -17.5245 23938.6 -03363.0 -07.9968 24173.6
 20 03 2015  04 00  -17.5242 23938.7 -03362.9 -07.9966 24173.8
 20 03 2015  04 01  -17.5236 23938.7 -03362.9 -07.9966 24173.7
 20 03 2015  04 02  -17.5231 23938.7 -03362.8 -07.9962 24173.8
 20 03 2015  04 03  -17.5228 23938.8 -03362.7 -07.9961 24173.9
 20 03 2015  04 04  -17.5223 23939.0 -03362.7 -07.9961 24174.0
 20 03 2015  04 05  -17.5218 23939.0 -03362.3 -07.9949 24174.0
 20 03 2015  04 06  -17.5216 23938.9 -03362.5 -07.9954 24173.9
 20 03 2015  04 07  -17.5210 23939.0 -03362.2 -07.9947 24174.0
 20 03 2015  04 08  -17.5202 23939.3 -03362.0 -07.9943 24174.2
 20 03 2015  04 09  -17.5198 23939.6 -03362.4 -07.9950 24174.5
 20 03 2015  04 10  -17.5195 23939.7 -03362.3 -07.9948 24174.7
 20 03 2015  04 11  -17.5194 23939.8 -03362.2 -07.9945 24174.7
 20 03 2015  04 12  -17.5198 23939.6 -03362.4 -07.9951 24174.6
 20 03 2015  04 13  -17.5204 23939.3 -03362.2 -07.9947 24174.2
 20 03 2015  04 14  -17.5212 23939.1 -03362.5 -07.9954 24174.1
 20 03 2015  04 15  -17.5218 23938.7 -03362.5 -07.9955 24173.7
 20 03 2015  04 16  -17.5218 23938.8 -03362.1 -07.9946 24173.8
 20 03 2015  04 17  -17.5222 23939.2 -03362.4 -07.9952 24174.2
 20 03 2015  04 18  -17.5223 23939.5 -03362.0 -07.9941 24174.4
 20 03 2015  04 19  -17.5227 23939.8 -03361.9 -07.9938 24174.7
 20 03 2015  04 20  -17.5235 23940.2 -03361.9 -07.9936 24175.1
 20 03 2015  04 21  -17.5240 23940.6 -03361.7 -07.9932 24175.5
 20 03 2015  04 22  -17.5247 23940.8 -03361.6 -07.9928 24175.6
 20 03 2015  04 23  -17.5253 23941.0 -03361.8 -07.9932 24175.9
 20 03 2015  04 24  -17.5255 23941.1 -03361.9 -07.9933 24176.0
 20 03 2015  04 25  -17.5253 23941.1 -03362.2 -07.9941 24176.0
 20 03 2015  04 26  -17.5252 23941.2 -03361.9 -07.9934 24176.1
 20 03 2015  04 27  -17.5254 23941.3 -03361.4 -07.9922 24176.1
 20 03 2015  04 28  -17.5257 23941.3 -03361.8 -07.9931 24176.2
 20 03 2015  04 29  -17.5255 23941.4 -03361.6 -07.9927 24176.2
 20 03 2015  04 30  -17.5253 23941.5 -03361.4 -07.9921 24176.3
 20 03 2015  04 31  -17.5251 23941.9 -03361.5 -07.9922 24176.7
 20 03 2015  04 32  -17.5253 23942.3 -03361.4 -07.9919 24177.1
 20 03 2015  04 33  -17.5259 23942.4 -03361.3 -07.9916 24177.2
 20 03 2015  04 34  -17.5262 23942.5 -03361.5 -07.9921 24177.3
 20 03 2015  04 35  -17.5266 23942.4 -03361.4 -07.9919 24177.2
 20 03 2015  04 36  -17.5271 23942.5 -03361.6 -07.9921 24177.4
 20 03 2015  04 37  -17.5277 23942.8 -03361.5 -07.9920 24177.6
 20 03 2015  04 38  -17.5287 23942.8 -03361.6 -07.9921 24177.6
 20 03 2015  04 39  -17.5295 23942.8 -03361.5 -07.9918 24177.6
 20 03 2015  04 40  -17.5295 23942.7 -03361.6 -07.9921 24177.6
 20 03 2015  04 41  -17.5286 23942.7 -03361.5 -07.9919 24177.5
 20 03 2015  04 42  -17.5275 23942.4 -03361.3 -07.9915 24177.2
 20 03 2015  04 43  -17.5264 23942.1 -03361.4 -07.9918 24176.9
 20 03 2015  04 44  -17.5253 23941.9 -03361.4 -07.9920 24176.7
 20 03 2015  04 45  -17.5246 23941.6 -03361.4 -07.9921 24176.4
 20 03 2015  04 46  -17.5246 23941.5 -03361.5 -07.9923 24176.3
 20 03 2015  04 47  -17.5248 23941.5 -03361.4 -07.9921 24176.3
 20 03 2015  04 48  -17.5249 23941.4 -03361.6 -07.9925 24176.2
 20 03 2015  04 49  -17.5246 23941.4 -03361.3 -07.9919 24176.2
 20 03 2015  04 50  -17.5244 23941.3 -03361.3 -07.9920 24176.1
 20 03 2015  04 51  -17.5241 23941.4 -03361.4 -07.9922 24176.2
 20 03 2015  04 52  -17.5239 23941.7 -03361.3 -07.9919 24176.5
 20 03 2015  04 53  -17.5236 23942.1 -03361.3 -07.9916 24176.9
 20 03 2015  04 54  -17.5233 23942.2 -03361.4 -07.9919 24177.0
 20 03 2015  04 55  -17.5229 23942.2 -03361.4 -07.9919 24177.0
 20 03 2015  04 56  -17.5223 23941.9 -03361.5 -07.9921 24176.7
 20 03 2015  04 57  -17.5218 23941.7 -03361.6 -07.9924 24176.5
 20 03 2015  04 58  -17.5218 23941.5 -03361.6 -07.9926 24176.3
 20 03 2015  04 59  -17.5212 23941.2 -03361.6 -07.9928 24176.1
 20 03 2015  05 00  -17.5202 23941.4 -03361.6 -07.9926 24176.2
 20 03 2015  05 01  -17.5196 23941.6 -03361.5 -07.9924 24176.4
 20 03 2015  05 02  -17.5190 23941.5 -03361.3 -07.9918 24176.3
 20 03 2015  05 03  -17.5183 23941.2 -03361.6 -07.9927 24176.0
 20 03 2015  05 04  -17.5173 23941.0 -03361.9 -07.9934 24175.9
 20 03 2015  05 05  -17.5167 23941.3 -03361.8 -07.9932 24176.2
 20 03 2015  05 06  -17.5173 23941.4 -03361.7 -07.9928 24176.3
 20 03 2015  05 07  -17.5180 23941.3 -03362.1 -07.9939 24176.3
 20 03 2015  05 08  -17.5179 23941.2 -03362.3 -07.9943 24176.1
 20 03 2015  05 09  -17.5175 23940.9 -03362.2 -07.9943 24175.8
 20 03 2015  05 10  -17.5173 23940.6 -03362.3 -07.9945 24175.5
 20 03 2015  05 11  -17.5177 23940.4 -03362.4 -07.9949 24175.4
 20 03 2015  05 12  -17.5184 23940.2 -03362.5 -07.9952 24175.2
 20 03 2015  05 13  -17.5194 23939.9 -03362.5 -07.9953 24174.9
 20 03 2015  05 14  -17.5206 23939.6 -03362.7 -07.9958 24174.7
 20 03 2015  05 15  -17.5217 23939.5 -03362.8 -07.9961 24174.5
 20 03 2015  05 16  -17.5225 23939.3 -03363.1 -07.9967 24174.4
 20 03 2015  05 17  -17.5229 23939.2 -03362.7 -07.9958 24174.3
 20 03 2015  05 18  -17.5231 23939.3 -03362.7 -07.9959 24174.3
 20 03 2015  05 19  -17.5233 23939.3 -03362.8 -07.9962 24174.4
 20 03 2015  05 20  -17.5238 23939.4 -03363.0 -07.9966 24174.5
 20 03 2015  05 21  -17.5242 23939.6 -03362.8 -07.9959 24174.7
 20 03 2015  05 22  -17.5245 23939.8 -03362.8 -07.9960 24174.8
 20 03 2015  05 23  -17.5243 23940.0 -03363.1 -07.9967 24175.1
 20 03 2015  05 24  -17.5239 23940.2 -03363.0 -07.9963 24175.3
 20 03 2015  05 25  -17.5238 23940.5 -03363.1 -07.9964 24175.5
 20 03 2015  05 26  -17.5238 23940.6 -03362.8 -07.9957 24175.6
 20 03 2015  05 27  -17.5238 23940.6 -03363.1 -07.9963 24175.6
 20 03 2015  05 28  -17.5236 23940.7 -03363.1 -07.9962 24175.8
 20 03 2015  05 29  -17.5231 23941.1 -03363.0 -07.9959 24176.1
 20 03 2015  05 30  -17.5228 23941.4 -03362.8 -07.9953 24176.5
 20 03 2015  05 31  -17.5221 23941.6 -03362.1 -07.9938 24176.5
 20 03 2015  05 32  -17.5213 23941.6 -03362.2 -07.9938 24176.5
 20 03 2015  05 33  -17.5206 23941.4 -03363.0 -07.9960 24176.5
 20 03 2015  05 34  -17.5205 23941.3 -03364.1 -07.9985 24176.5
 20 03 2015  05 35  -17.5200 23941.0 -03364.0 -07.9984 24176.2
 20 03 2015  05 36  -17.5195 23940.9 -03364.0 -07.9983 24176.1
 20 03 2015  05 37  -17.5195 23940.9 -03364.2 -07.9988 24176.1
 20 03 2015  05 38  -17.5192 23940.7 -03363.4 -07.9971 24175.8
 20 03 2015  05 39  -17.5195 23940.4 -03363.8 -07.9982 24175.6
 20 03 2015  05 40  -17.5200 23940.4 -03363.8 -07.9982 24175.6
 20 03 2015  05 41  -17.5203 23940.1 -03363.6 -07.9977 24175.3
 20 03 2015  05 42  -17.5205 23939.8 -03363.5 -07.9975 24175.0
 20 03 2015  05 43  -17.5188 23939.7 -03364.1 -07.9991 24174.9
 20 03 2015  05 44  -17.5168 23939.5 -03363.2 -07.9971 24174.6
 20 03 2015  05 45  -17.5157 23939.5 -03363.7 -07.9982 24174.7
 20 03 2015  05 46  -17.5149 23939.7 -03363.1 -07.9967 24174.8
 20 03 2015  05 47  -17.5144 23939.6 -03363.7 -07.9980 24174.8
 20 03 2015  05 48  -17.5141 23939.4 -03363.0 -07.9966 24174.4
 20 03 2015  05 49  -17.5145 23939.0 -03364.5 -08.0001 24174.3
 20 03 2015  05 50  -17.5148 23938.9 -03363.8 -07.9986 24174.0
 20 03 2015  05 51  -17.5149 23938.8 -03363.3 -07.9975 24173.9
 20 03 2015  05 52  -17.5151 23938.7 -03364.1 -07.9994 24173.9
 20 03 2015  05 53  -17.5149 23938.5 -03364.1 -07.9995 24173.7
 20 03 2015  05 54  -17.5149 23938.4 -03363.9 -07.9989 24173.6
 20 03 2015  05 55  -17.5148 23938.3 -03363.7 -07.9986 24173.5
 20 03 2015  05 56  -17.5149 23938.5 -03364.6 -08.0007 24173.8
 20 03 2015  05 57  -17.5146 23938.6 -03363.9 -07.9989 24173.8
 20 03 2015  05 58  -17.5145 23938.9 -03364.2 -07.9994 24174.1
 20 03 2015  05 59  -17.5139 23939.0 -03363.3 -07.9974 24174.1
 20 03 2015  06 00  -17.5138 23939.3 -03364.6 -08.0004 24174.6
 20 03 2015  06 01  -17.5136 23939.3 -03363.9 -07.9986 24174.4
 20 03 2015  06 02  -17.5131 23939.2 -03363.7 -07.9983 24174.4
 20 03 2015  06 03  -17.5127 23939.2 -03363.5 -07.9978 24174.3
 20 03 2015  06 04  -17.5127 23939.1 -03364.0 -07.9991 24174.3
 20 03 2015  06 05  -17.5126 23938.9 -03364.9 -08.0011 24174.2
 20 03 2015  06 06  -17.5119 23938.7 -03364.3 -07.9998 24174.0
 20 03 2015  06 07  -17.5112 23938.6 -03364.2 -07.9996 24173.9
 20 03 2015  06 08  -17.5110 23938.8 -03364.4 -07.9999 24174.1
 20 03 2015  06 09  -17.5111 23939.3 -03364.7 -08.0007 24174.6
 20 03 2015  06 10  -17.5113 23939.0 -03364.6 -08.0004 24174.3
 20 03 2015  06 11  -17.5110 23939.3 -03364.3 -07.9995 24174.6
 20 03 2015  06 12  -17.5109 23939.3 -03365.1 -08.0015 24174.6
 20 03 2015  06 13  -17.5106 23939.4 -03364.2 -07.9993 24174.7
 20 03 2015  06 14  -17.5106 23939.5 -03364.1 -07.9991 24174.8
 20 03 2015  06 15  -17.5109 23939.5 -03364.8 -08.0007 24174.8
 20 03 2015  06 16  -17.5113 23939.5 -03364.8 -08.0006 24174.8
 20 03 2015  06 17  -17.5118 23939.4 -03364.6 -08.0002 24174.6
 20 03 2015  06 18  -17.5125 23939.0 -03365.0 -08.0014 24174.4
 20 03 2015  06 19  -17.5134 23938.7 -03366.0 -08.0039 24174.2
 20 03 2015  06 20  -17.5140 23938.4 -03366.1 -08.0041 24173.9
 20 03 2015  06 21  -17.5142 23938.4 -03365.8 -08.0033 24173.9
 20 03 2015  06 22  -17.5135 23939.1 -03365.3 -08.0020 24174.5
 20 03 2015  06 23  -17.5133 23939.7 -03365.7 -08.0028 24175.2
 20 03 2015  06 24  -17.5123 23941.2 -03364.6 -07.9998 24176.5
 20 03 2015  06 25  -17.5120 23942.2 -03365.3 -08.0010 24177.5
 20 03 2015  06 26  -17.5107 23943.9 -03364.0 -07.9974 24179.1
 20 03 2015  06 27  -17.5095 23944.9 -03363.9 -07.9969 24180.1
 20 03 2015  06 28  -17.5084 23945.3 -03364.1 -07.9972 24180.5
 20 03 2015  06 29  -17.5068 23946.3 -03363.8 -07.9963 24181.4
 20 03 2015  06 30  -17.5047 23947.2 -03364.1 -07.9965 24182.4
 20 03 2015  06 31  -17.5035 23947.9 -03363.9 -07.9959 24183.0
 20 03 2015  06 32  -17.5031 23947.7 -03364.5 -07.9974 24182.9
 20 03 2015  06 33  -17.5034 23947.9 -03364.4 -07.9971 24183.1
 20 03 2015  06 34  -17.5038 23947.7 -03364.7 -07.9979 24182.9
 20 03 2015  06 35  -17.5038 23947.0 -03364.8 -07.9984 24182.3
 20 03 2015  06 36  -17.5050 23947.0 -03365.0 -07.9987 24182.3
 20 03 2015  06 37  -17.5051 23946.3 -03365.3 -07.9997 24181.6
 20 03 2015  06 38  -17.5051 23946.1 -03365.2 -07.9996 24181.4
 20 03 2015  06 39  -17.5051 23946.0 -03365.4 -08.0000 24181.3
 20 03 2015  06 40  -17.5056 23945.9 -03365.4 -08.0000 24181.3
 20 03 2015  06 41  -17.5061 23946.3 -03365.4 -07.9999 24181.6
 20 03 2015  06 42  -17.5070 23946.7 -03365.1 -07.9992 24182.0
 20 03 2015  06 43  -17.5077 23947.3 -03365.2 -07.9991 24182.6
 20 03 2015  06 44  -17.5080 23947.7 -03365.1 -07.9988 24183.0
 20 03 2015  06 45  -17.5091 23948.4 -03364.8 -07.9979 24183.6
 20 03 2015  06 46  -17.5105 23949.4 -03364.8 -07.9974 24184.6
 20 03 2015  06 47  -17.5117 23950.7 -03364.6 -07.9965 24185.8
 20 03 2015  06 48  -17.5135 23951.0 -03364.7 -07.9967 24186.2
 20 03 2015  06 49  -17.5147 23951.8 -03364.5 -07.9960 24186.9
 20 03 2015  06 50  -17.5163 23952.6 -03364.4 -07.9956 24187.7
 20 03 2015  06 51  -17.5174 23953.7 -03364.3 -07.9949 24188.8
 20 03 2015  06 52  -17.5184 23954.4 -03364.2 -07.9943 24189.5
 20 03 2015  06 53  -17.5194 23954.7 -03364.2 -07.9942 24189.8
 20 03 2015  06 54  -17.5192 23955.3 -03364.0 -07.9937 24190.3
 20 03 2015  06 55  -17.5184 23956.0 -03363.7 -07.9928 24191.0
 20 03 2015  06 56  -17.5180 23956.5 -03363.7 -07.9926 24191.5
 20 03 2015  06 57  -17.5178 23956.8 -03363.6 -07.9921 24191.8
 20 03 2015  06 58  -17.5175 23957.5 -03363.3 -07.9913 24192.4
 20 03 2015  06 59  -17.5173 23958.0 -03363.2 -07.9909 24192.9
 20 03 2015  07 00  -17.5169 23958.5 -03363.1 -07.9904 24193.4
 20 03 2015  07 01  -17.5163 23958.4 -03363.4 -07.9912 24193.4
 20 03 2015  07 02  -17.5155 23958.3 -03363.3 -07.9911 24193.3
 20 03 2015  07 03  -17.5153 23958.3 -03363.6 -07.9917 24193.2
 20 03 2015  07 04  -17.5151 23958.4 -03363.3 -07.9909 24193.3
 20 03 2015  07 05  -17.5150 23958.4 -03363.4 -07.9912 24193.4
 20 03 2015  07 06  -17.5148 23958.6 -03363.3 -07.9909 24193.5
 20 03 2015  07 07  -17.5149 23958.9 -03363.1 -07.9904 24193.8
 20 03 2015  07 08  -17.5154 23959.1 -03363.2 -07.9906 24194.0
 20 03 2015  07 09  -17.5160 23958.9 -03363.8 -07.9919 24193.9
 20 03 2015  07 10  -17.5169 23958.4 -03363.7 -07.9918 24193.4
 20 03 2015  07 11  -17.5183 23957.9 -03363.5 -07.9917 24192.9
 20 03 2015  07 12  -17.5198 23957.5 -03363.8 -07.9924 24192.4
 20 03 2015  07 13  -17.5210 23957.3 -03363.5 -07.9918 24192.2
 20 03 2015  07 14  -17.5216 23957.4 -03363.2 -07.9911 24192.3
 20 03 2015  07 15  -17.5214 23957.1 -03363.0 -07.9907 24192.0
 20 03 2015  07 16  -17.5213 23956.8 -03362.8 -07.9903 24191.7
 20 03 2015  07 17  -17.5217 23956.5 -03362.8 -07.9905 24191.4
 20 03 2015  07 18  -17.5228 23956.2 -03362.9 -07.9908 24191.1
 20 03 2015  07 19  -17.5243 23956.1 -03363.0 -07.9912 24191.0
 20 03 2015  07 20  -17.5255 23955.9 -03363.0 -07.9911 24190.8
 20 03 2015  07 21  -17.5262 23955.6 -03363.1 -07.9914 24190.6
 20 03 2015  07 22  -17.5265 23955.4 -03362.8 -07.9908 24190.2
 20 03 2015  07 23  -17.5265 23955.0 -03362.9 -07.9911 24189.9
 20 03 2015  07 24  -17.5264 23955.0 -03362.8 -07.9910 24189.8
 20 03 2015  07 25  -17.5263 23954.8 -03362.7 -07.9908 24189.7
 20 03 2015  07 26  -17.5260 23954.6 -03362.7 -07.9908 24189.4
 20 03 2015  07 27  -17.5255 23954.4 -03362.5 -07.9905 24189.2
 20 03 2015  07 28  -17.5252 23954.0 -03362.7 -07.9909 24188.9
 20 03 2015  07 29  -17.5252 23953.9 -03362.6 -07.9908 24188.8
 20 03 2015  07 30  -17.5255 23953.7 -03362.7 -07.9911 24188.5
 20 03 2015  07 31  -17.5256 23953.3 -03362.7 -07.9913 24188.2
 20 03 2015  07 32  -17.5256 23952.7 -03362.8 -07.9916 24187.6
 20 03 2015  07 33  -17.5254 23952.6 -03362.6 -07.9912 24187.4
 20 03 2015  07 34  -17.5250 23952.3 -03362.6 -07.9915 24187.1
 20 03 2015  07 35  -17.5245 23951.9 -03362.7 -07.9917 24186.8
 20 03 2015  07 36  -17.5241 23951.5 -03362.7 -07.9918 24186.4
 20 03 2015  07 37  -17.5238 23951.2 -03362.6 -07.9916 24186.1
 20 03 2015  07 38  -17.5235 23951.1 -03362.7 -07.9919 24186.0
 20 03 2015  07 39  -17.5233 23950.9 -03362.6 -07.9917 24185.8
 20 03 2015  07 40  -17.5237 23951.0 -03362.7 -07.9921 24185.9
 20 03 2015  07 41  -17.5243 23950.9 -03362.6 -07.9919 24185.8
 20 03 2015  07 42  -17.5247 23951.1 -03362.5 -07.9916 24186.0
 20 03 2015  07 43  -17.5244 23951.6 -03362.4 -07.9911 24186.5
 20 03 2015  07 44  -17.5238 23952.1 -03362.3 -07.9907 24187.0
 20 03 2015  07 45  -17.5234 23952.5 -03362.4 -07.9908 24187.4
 20 03 2015  07 46  -17.5232 23952.8 -03362.3 -07.9906 24187.6
 20 03 2015  07 47  -17.5235 23952.8 -03362.6 -07.9912 24187.6
 20 03 2015  07 48  -17.5239 23952.7 -03362.8 -07.9916 24187.6
 20 03 2015  07 49  -17.5244 23952.5 -03363.0 -07.9922 24187.5
 20 03 2015  07 50  -17.5249 23952.3 -03362.9 -07.9922 24187.2
 20 03 2015  07 51  -17.5253 23951.9 -03363.0 -07.9924 24186.8
 20 03 2015  07 52  -17.5249 23951.5 -03362.8 -07.9922 24186.4
 20 03 2015  07 53  -17.5236 23951.4 -03362.7 -07.9919 24186.3
 20 03 2015  07 54  -17.5217 23951.7 -03362.4 -07.9910 24186.6
 20 03 2015  07 55  -17.5202 23952.2 -03362.2 -07.9904 24187.0
 20 03 2015  07 56  -17.5198 23952.4 -03362.4 -07.9909 24187.2
 20 03 2015  07 57  -17.5197 23952.6 -03362.6 -07.9912 24187.5
 20 03 2015  07 58  -17.5197 23952.8 -03362.5 -07.9910 24187.7
 20 03 2015  07 59  -17.5192 23953.1 -03362.3 -07.9905 24188.0
 20 03 2015  08 00  -17.5189 23953.4 -03362.5 -07.9908 24188.3
 20 03 2015  08 01  -17.5190 23953.5 -03362.4 -07.9905 24188.3
 20 03 2015  08 02  -17.5194 23953.4 -03362.7 -07.9911 24188.3
 20 03 2015  08 03  -17.5196 23953.3 -03362.7 -07.9912 24188.2
 20 03 2015  08 04  -17.5192 23953.4 -03362.6 -07.9909 24188.3
 20 03 2015  08 05  -17.5189 23953.6 -03362.4 -07.9904 24188.4
 20 03 2015  08 06  -17.5188 23953.6 -03362.4 -07.9904 24188.4
 20 03 2015  08 07  -17.5188 23953.6 -03362.5 -07.9908 24188.4
 20 03 2015  08 08  -17.5185 23953.5 -03362.5 -07.9907 24188.4
 20 03 2015  08 09  -17.5178 23953.6 -03362.4 -07.9905 24188.5
 20 03 2015  08 10  -17.5169 23953.8 -03362.4 -07.9904 24188.6
 20 03 2015  08 11  -17.5161 23953.9 -03362.3 -07.9901 24188.7
 20 03 2015  08 12  -17.5154 23953.9 -03362.4 -07.9904 24188.7
 20 03 2015  08 13  -17.5147 23954.0 -03362.4 -07.9904 24188.9
 20 03 2015  08 14  -17.5142 23953.9 -03362.7 -07.9911 24188.8
 20 03 2015  08 15  -17.5134 23953.8 -03362.4 -07.9904 24188.7
 20 03 2015  08 16  -17.5125 23953.8 -03362.4 -07.9905 24188.6
 20 03 2015  08 17  -17.5116 23953.8 -03362.1 -07.9898 24188.6
 20 03 2015  08 18  -17.5106 23954.0 -03362.2 -07.9899 24188.8
 20 03 2015  08 19  -17.5100 23954.0 -03362.3 -07.9901 24188.8
 20 03 2015  08 20  -17.5093 23954.0 -03362.4 -07.9903 24188.9
 20 03 2015  08 21  -17.5085 23954.2 -03362.3 -07.9901 24189.0
 20 03 2015  08 22  -17.5075 23954.3 -03362.4 -07.9903 24189.1
 20 03 2015  08 23  -17.5066 23954.4 -03362.5 -07.9904 24189.2
 20 03 2015  08 24  -17.5060 23954.6 -03362.6 -07.9906 24189.4
 20 03 2015  08 25  -17.5057 23954.7 -03362.6 -07.9905 24189.5
 20 03 2015  08 26  -17.5056 23954.8 -03362.6 -07.9906 24189.7
 20 03 2015  08 27  -17.5054 23954.9 -03362.7 -07.9908 24189.7
 20 03 2015  08 28  -17.5048 23954.8 -03362.8 -07.9910 24189.7
 20 03 2015  08 29  -17.5044 23954.8 -03362.9 -07.9912 24189.7
 20 03 2015  08 30  -17.5044 23954.9 -03362.8 -07.9910 24189.8
 20 03 2015  08 31  -17.5040 23955.1 -03362.6 -07.9905 24189.9
 20 03 2015  08 32  -17.5035 23955.2 -03362.7 -07.9908 24190.0
 20 03 2015  08 33  -17.5028 23955.3 -03362.6 -07.9905 24190.2
 20 03 2015  08 34  -17.5023 23955.5 -03362.7 -07.9906 24190.3
 20 03 2015  08 35  -17.5022 23955.6 -03362.8 -07.9906 24190.5
 20 03 2015  08 36  -17.5023 23955.7 -03362.8 -07.9907 24190.6
 20 03 2015  08 37  -17.5027 23955.5 -03362.9 -07.9911 24190.4
 20 03 2015  08 38  -17.5027 23955.2 -03363.2 -07.9917 24190.1
 20 03 2015  08 39  -17.5027 23955.1 -03363.0 -07.9914 24190.0
 20 03 2015  08 40  -17.5030 23955.1 -03363.0 -07.9914 24190.0
 20 03 2015  08 41  -17.5031 23954.9 -03363.0 -07.9916 24189.8
 20 03 2015  08 42  -17.5033 23954.9 -03363.1 -07.9918 24189.8
 20 03 2015  08 43  -17.5039 23955.1 -03363.0 -07.9914 24190.0
 20 03 2015  08 44  -17.5046 23955.1 -03363.1 -07.9916 24190.0
 20 03 2015  08 45  -17.5051 23955.4 -03363.1 -07.9915 24190.3
 20 03 2015  08 46  -17.5054 23955.9 -03363.1 -07.9912 24190.8
 20 03 2015  08 47  -17.5059 23956.2 -03363.1 -07.9912 24191.1
 20 03 2015  08 48  -17.5066 23956.5 -03363.1 -07.9911 24191.4
 20 03 2015  08 49  -17.5075 23956.3 -03363.4 -07.9920 24191.2
 20 03 2015  08 50  -17.5085 23956.2 -03363.6 -07.9925 24191.2
 20 03 2015  08 51  -17.5097 23956.2 -03363.4 -07.9920 24191.2
 20 03 2015  08 52  -17.5113 23956.2 -03363.4 -07.9919 24191.2
 20 03 2015  08 53  -17.5132 23955.9 -03363.5 -07.9923 24190.9
 20 03 2015  08 54  -17.5146 23955.8 -03363.5 -07.9923 24190.8
 20 03 2015  08 55  -17.5160 23955.6 -03363.4 -07.9922 24190.5
 20 03 2015  08 56  -17.5172 23955.3 -03363.4 -07.9922 24190.3
 20 03 2015  08 57  -17.5185 23955.4 -03363.7 -07.9929 24190.4
 20 03 2015  08 58  -17.5197 23955.3 -03363.3 -07.9920 24190.2
 20 03 2015  08 59  -17.5206 23955.1 -03363.6 -07.9928 24190.1
 20 03 2015  09 00  -17.5211 23955.0 -03363.2 -07.9918 24189.9
 20 03 2015  09 01  -17.5214 23954.8 -03363.2 -07.9920 24189.8
 20 03 2015  09 02  -17.5215 23954.7 -03363.1 -07.9917 24189.7
 20 03 2015  09 03  -17.5213 23954.8 -03363.0 -07.9914 24189.7
 20 03 2015  09 04  -17.5211 23954.8 -03362.9 -07.9914 24189.7
 20 03 2015  09 05  -17.5204 23954.8 -03362.9 -07.9912 24189.7
 20 03 2015  09 06  -17.5191 23955.0 -03362.8 -07.9909 24189.9
 20 03 2015  09 07  -17.5177 23955.2 -03362.7 -07.9905 24190.1
 20 03 2015  09 08  -17.5157 23955.2 -03362.7 -07.9906 24190.0
 20 03 2015  09 09  -17.5134 23955.0 -03362.7 -07.9906 24189.8
 20 03 2015  09 10  -17.5114 23955.0 -03362.6 -07.9905 24189.9
 20 03 2015  09 11  -17.5097 23954.9 -03362.6 -07.9904 24189.7
 20 03 2015  09 12  -17.5081 23954.7 -03362.7 -07.9908 24189.6
 20 03 2015  09 13  -17.5070 23954.7 -03362.8 -07.9910 24189.5
 20 03 2015  09 14  -17.5062 23954.8 -03362.9 -07.9913 24189.7
 20 03 2015  09 15  -17.5056 23955.0 -03363.1 -07.9916 24190.0
 20 03 2015  09 16  -17.5046 23955.3 -03363.1 -07.9916 24190.3
 20 03 2015  09 17  -17.5038 23955.7 -03363.1 -07.9913 24190.6
 20 03 2015  09 18  -17.5035 23955.7 -03363.4 -07.9921 24190.7
 20 03 2015  09 19  -17.5034 23955.8 -03363.6 -07.9926 24190.8
 20 03 2015  09 20  -17.5033 23955.8 -03363.8 -07.9929 24190.8
 20 03 2015  09 21  -17.5034 23955.3 -03364.1 -07.9938 24190.4
 20 03 2015  09 22  -17.5028 23955.3 -03364.0 -07.9937 24190.3
 20 03 2015  09 23  -17.5031 23954.9 -03364.2 -07.9942 24190.0
 20 03 2015  09 24  -17.5029 23954.6 -03364.2 -07.9943 24189.7
 20 03 2015  09 25  -17.5032 23954.3 -03364.1 -07.9943 24189.4
 20 03 2015  09 26  -17.5038 23954.1 -03364.0 -07.9940 24189.2
 20 03 2015  09 27  -17.5042 23953.8 -03364.2 -07.9947 24188.9
 20 03 2015  09 28  -17.5047 23953.4 -03364.3 -07.9950 24188.5
 20 03 2015  09 29  -17.5054 23952.8 -03364.5 -07.9956 24187.9
 20 03 2015  09 30  -17.5054 23952.6 -03364.6 -07.9960 24187.8
 20 03 2015  09 31  -17.5060 23953.0 -03364.6 -07.9957 24188.2
 20 03 2015  09 32  -17.5061 23953.5 -03364.4 -07.9952 24188.6
 20 03 2015  09 33  -17.5063 23953.5 -03364.4 -07.9953 24188.7
 20 03 2015  09 34  -17.5070 23953.6 -03364.6 -07.9957 24188.8
 20 03 2015  09 35  -17.5068 23953.8 -03364.8 -07.9961 24189.0
 20 03 2015  09 36  -17.5069 23953.8 -03364.8 -07.9961 24189.0
 20 03 2015  09 37  -17.5075 23953.8 -03365.1 -07.9967 24189.0
 20 03 2015  09 38  -17.5080 23953.8 -03365.1 -07.9966 24189.0
 20 03 2015  09 39  -17.5079 23953.6 -03365.2 -07.9969 24188.8
 20 03 2015  09 40  -17.5077 23953.6 -03365.1 -07.9969 24188.8
 20 03 2015  09 41  -17.5074 23954.1 -03365.0 -07.9964 24189.3
 20 03 2015  09 42  -17.5071 23954.7 -03365.0 -07.9962 24189.9
 20 03 2015  09 43  -17.5069 23954.6 -03365.0 -07.9963 24189.8
 20 03 2015  09 44  -17.5074 23954.3 -03365.3 -07.9970 24189.6
 20 03 2015  09 45  -17.5082 23953.5 -03365.6 -07.9980 24188.8
 20 03 2015  09 46  -17.5091 23953.5 -03365.5 -07.9978 24188.8
 20 03 2015  09 47  -17.5096 23953.6 -03365.4 -07.9975 24188.9
 20 03 2015  09 48  -17.5095 23953.6 -03365.3 -07.9973 24188.9
 20 03 2015  09 49  -17.5104 23953.8 -03365.4 -07.9975 24189.0
 20 03 2015  09 50  -17.5113 23953.8 -03365.3 -07.9973 24189.0
 20 03 2015  09 51  -17.5123 23953.8 -03365.4 -07.9975 24189.0
 20 03 2015  09 52  -17.5116 23953.5 -03365.4 -07.9975 24188.8
 20 03 2015  09 53  -17.5112 23953.8 -03365.1 -07.9967 24189.0
 20 03 2015  09 54  -17.5129 23954.0 -03365.2 -07.9968 24189.2
 20 03 2015  09 55  -17.5134 23954.0 -03365.1 -07.9966 24189.2
 20 03 2015  09 56  -17.5143 23954.0 -03365.2 -07.9968 24189.3
 20 03 2015  09 57  -17.5150 23954.0 -03364.8 -07.9959 24189.2
 20 03 2015  09 58  -17.5146 23954.1 -03364.4 -07.9951 24189.2
 20 03 2015  09 59  -17.5149 23954.5 -03364.7 -07.9955 24189.6
 20 03 2015  10 00  -17.5163 23954.5 -03364.4 -07.9948 24189.6
 20 03 2015  10 01  -17.5161 23954.6 -03364.2 -07.9944 24189.7
 20 03 2015  10 02  -17.5146 23955.0 -03363.6 -07.9929 24190.0
 20 03 2015  10 03  -17.5140 23955.3 -03363.2 -07.9918 24190.3
 20 03 2015  10 04  -17.5143 23955.5 -03362.9 -07.9911 24190.4
 20 03 2015  10 05  -17.5159 23955.4 -03363.1 -07.9916 24190.4
 20 03 2015  10 06  -17.5164 23954.8 -03363.5 -07.9926 24189.8
 20 03 2015  10 07  -17.5152 23955.1 -03362.9 -07.9913 24190.0
 20 03 2015  10 08  -17.5152 23955.5 -03362.6 -07.9903 24190.4
 20 03 2015  10 09  -17.5154 23956.2 -03362.3 -07.9893 24191.0
 20 03 2015  10 10  -17.5154 23956.3 -03362.1 -07.9889 24191.1
 20 03 2015  10 11  -17.5161 23956.3 -03362.1 -07.9889 24191.1
 20 03 2015  10 12  -17.5152 23956.9 -03361.9 -07.9882 24191.6
 20 03 2015  10 13  -17.5145 23957.4 -03361.6 -07.9873 24192.1
 20 03 2015  10 14  -17.5148 23957.6 -03361.5 -07.9870 24192.2
 20 03 2015  10 15  -17.5138 23958.1 -03361.3 -07.9865 24192.7
 20 03 2015  10 16  -17.5155 23958.9 -03360.9 -07.9852 24193.5
 20 03 2015  10 17  -17.5165 23959.7 -03360.9 -07.9850 24194.3
 20 03 2015  10 18  -17.5159 23960.2 -03360.8 -07.9845 24194.8
 20 03 2015  10 19  -17.5147 23960.8 -03360.5 -07.9837 24195.3
 20 03 2015  10 20  -17.5145 23961.3 -03360.3 -07.9829 24195.8
 20 03 2015  10 21  -17.5133 23961.5 -03360.0 -07.9823 24195.9
 20 03 2015  10 22  -17.5142 23962.4 -03359.5 -07.9808 24196.7
 20 03 2015  10 23  -17.5148 23962.8 -03359.3 -07.9800 24197.1
 20 03 2015  10 24  -17.5160 23963.0 -03359.3 -07.9801 24197.3
 20 03 2015  10 25  -17.5147 23963.4 -03359.2 -07.9797 24197.7
 20 03 2015  10 26  -17.5129 23963.2 -03359.1 -07.9796 24197.5
 20 03 2015  10 27  -17.5137 23962.9 -03359.5 -07.9806 24197.2
 20 03 2015  10 28  -17.5137 23963.6 -03359.2 -07.9796 24197.9
 20 03 2015  10 29  -17.5125 23964.9 -03358.5 -07.9777 24199.0
 20 03 2015  10 30  -17.5120 23965.9 -03358.1 -07.9762 24200.0
 20 03 2015  10 31  -17.5130 23966.3 -03358.1 -07.9763 24200.5
 20 03 2015  10 32  -17.5139 23967.1 -03358.1 -07.9760 24201.2
 20 03 2015  10 33  -17.5153 23968.0 -03358.0 -07.9755 24202.1
 20 03 2015  10 34  -17.5161 23968.6 -03357.9 -07.9750 24202.7
 20 03 2015  10 35  -17.5167 23968.7 -03358.0 -07.9751 24202.8
 20 03 2015  10 36  -17.5167 23968.6 -03358.2 -07.9757 24202.7
 20 03 2015  10 37  -17.5175 23968.6 -03358.5 -07.9764 24202.7
 20 03 2015  10 38  -17.5182 23969.1 -03358.4 -07.9760 24203.3
 20 03 2015  10 39  -17.5184 23970.1 -03358.1 -07.9749 24204.1
 20 03 2015  10 40  -17.5183 23970.9 -03357.6 -07.9736 24204.9
 20 03 2015  10 41  -17.5188 23970.6 -03357.9 -07.9742 24204.7
 20 03 2015  10 42  -17.5212 23969.4 -03358.7 -07.9767 24203.6
 20 03 2015  10 43  -17.5227 23969.6 -03358.9 -07.9771 24203.8
 20 03 2015  10 44  -17.5220 23970.4 -03358.5 -07.9759 24204.6
 20 03 2015  10 45  -17.5218 23970.9 -03358.6 -07.9759 24205.0
 20 03 2015  10 46  -17.5223 23971.0 -03358.7 -07.9761 24205.2
 20 03 2015  10 47  -17.5220 23971.3 -03358.6 -07.9758 24205.4
 20 03 2015  10 48  -17.5218 23971.4 -03358.6 -07.9757 24205.6
 20 03 2015  10 49  -17.5217 23971.4 -03359.0 -07.9765 24205.6
 20 03 2015  10 50  -17.5225 23971.6 -03359.1 -07.9767 24205.8
 20 03 2015  10 51  -17.5228 23971.9 -03359.1 -07.9767 24206.1
 20 03 2015  10 52  -17.5223 23972.2 -03359.3 -07.9771 24206.5
 20 03 2015  10 53  -17.5223 23972.2 -03359.5 -07.9776 24206.5
 20 03 2015  10 54  -17.5232 23972.3 -03359.8 -07.9783 24206.6
 20 03 2015  10 55  -17.5244 23972.0 -03360.2 -07.9793 24206.4
 20 03 2015  10 56  -17.5258 23972.2 -03360.4 -07.9797 24206.6
 20 03 2015  10 57  -17.5273 23971.9 -03360.8 -07.9807 24206.4
 20 03 2015  10 58  -17.5263 23971.2 -03361.1 -07.9816 24205.7
 20 03 2015  10 59  -17.5244 23971.4 -03361.1 -07.9815 24205.9
 20 03 2015  11 00  -17.5247 23971.7 -03361.1 -07.9814 24206.2
 20 03 2015  11 01  -17.5279 23971.1 -03361.5 -07.9826 24205.7
 20 03 2015  11 02  -17.5303 23970.6 -03362.0 -07.9839 24205.2
 20 03 2015  11 03  -17.5285 23970.6 -03361.8 -07.9835 24205.2
 20 03 2015  11 04  -17.5278 23971.8 -03361.4 -07.9820 24206.3
 20 03 2015  11 05  -17.5290 23971.8 -03361.8 -07.9831 24206.4
 20 03 2015  11 06  -17.5307 23971.9 -03361.8 -07.9831 24206.4
 20 03 2015  11 07  -17.5322 23970.8 -03362.5 -07.9850 24205.4
 20 03 2015  11 08  -17.5302 23972.4 -03361.8 -07.9829 24207.0
 20 03 2015  11 09  -17.5299 23973.1 -03361.7 -07.9824 24207.7
 20 03 2015  11 10  -17.5314 23972.7 -03362.0 -07.9832 24207.3
 20 03 2015  11 11  -17.5320 23972.3 -03362.3 -07.9840 24207.0
 20 03 2015  11 12  -17.5315 23972.4 -03362.2 -07.9837 24207.0
 20 03 2015  11 13  -17.5309 23972.5 -03362.1 -07.9835 24207.1
 20 03 2015  11 14  -17.5302 23972.5 -03361.9 -07.9831 24207.1
 20 03 2015  11 15  -17.5296 23972.7 -03361.8 -07.9828 24207.3
 20 03 2015  11 16  -17.5291 23973.6 -03361.4 -07.9816 24208.1
 20 03 2015  11 17  -17.5297 23974.4 -03361.3 -07.9810 24208.8
 20 03 2015  11 18  -17.5310 23974.7 -03361.3 -07.9808 24209.2
 20 03 2015  11 19  -17.5319 23975.0 -03361.3 -07.9808 24209.5
 20 03 2015  11 20  -17.5327 23974.8 -03361.6 -07.9816 24209.4
 20 03 2015  11 21  -17.5334 23974.4 -03361.8 -07.9822 24209.0
 20 03 2015  11 22  -17.5337 23974.2 -03362.0 -07.9827 24208.8
 20 03 2015  11 23  -17.5334 23974.0 -03362.0 -07.9827 24208.6
 20 03 2015  11 24  -17.5334 23973.6 -03362.3 -07.9836 24208.3
 20 03 2015  11 25  -17.5330 23973.3 -03362.4 -07.9840 24207.9
 20 03 2015  11 26  -17.5320 23973.3 -03362.3 -07.9837 24207.9
 20 03 2015  11 27  -17.5305 23973.2 -03361.9 -07.9828 24207.8
 20 03 2015  11 28  -17.5296 23973.3 -03361.7 -07.9823 24207.8
 20 03 2015  11 29  -17.5298 23973.4 -03361.6 -07.9820 24207.9
 20 03 2015  11 30  -17.5303 23973.3 -03361.6 -07.9821 24207.9
 20 03 2015  11 31  -17.5300 23973.2 -03361.4 -07.9817 24207.8
 20 03 2015  11 32  -17.5289 23973.1 -03361.4 -07.9817 24207.6
 20 03 2015  11 33  -17.5279 23972.9 -03361.3 -07.9815 24207.4
 20 03 2015  11 34  -17.5273 23973.0 -03361.2 -07.9812 24207.5
 20 03 2015  11 35  -17.5273 23972.3 -03361.5 -07.9821 24206.8
 20 03 2015  11 36  -17.5260 23972.5 -03361.2 -07.9815 24207.0
 20 03 2015  11 37  -17.5246 23973.0 -03360.7 -07.9800 24207.4
 20 03 2015  11 38  -17.5243 23973.3 -03360.3 -07.9790 24207.7
 20 03 2015  11 39  -17.5255 23973.2 -03359.9 -07.9782 24207.5
 20 03 2015  11 40  -17.5263 23974.2 -03359.3 -07.9764 24208.4
 20 03 2015  11 41  -17.5262 23975.0 -03359.3 -07.9761 24209.2
 20 03 2015  11 42  -17.5245 23975.7 -03358.5 -07.9739 24209.8
 20 03 2015  11 43  -17.5221 23976.6 -03358.8 -07.9745 24210.8
 20 03 2015  11 44  -17.5211 23977.9 -03358.4 -07.9731 24212.0
 20 03 2015  11 45  -17.5218 23978.6 -03358.0 -07.9720 24212.6
 20 03 2015  11 46  -17.5234 23978.2 -03357.6 -07.9712 24212.2
 20 03 2015  11 47  -17.5243 23978.4 -03358.8 -07.9738 24212.4
 20 03 2015  11 48  -17.5248 23978.9 -03357.9 -07.9715 24212.9
 20 03 2015  11 49  -17.5251 23979.2 -03356.9 -07.9692 24213.1
 20 03 2015  11 50  -17.5254 23979.8 -03357.2 -07.9696 24213.7
 20 03 2015  11 51  -17.5241 23980.6 -03356.4 -07.9675 24214.4
 20 03 2015  11 52  -17.5232 23980.9 -03356.2 -07.9669 24214.6
 20 03 2015  11 53  -17.5240 23980.4 -03356.9 -07.9688 24214.2
 20 03 2015  11 54  -17.5245 23980.2 -03356.1 -07.9670 24213.9
 20 03 2015  11 55  -17.5248 23980.0 -03357.1 -07.9694 24213.9
 20 03 2015  11 56  -17.5261 23979.9 -03357.2 -07.9697 24213.7
 20 03 2015  11 57  -17.5259 23980.1 -03356.9 -07.9688 24213.9
 20 03 2015  11 58  -17.5250 23980.8 -03356.7 -07.9681 24214.6
 20 03 2015  11 59  -17.5246 23980.9 -03356.5 -07.9676 24214.7
 20 03 2015  12 00  -17.5252 23981.1 -03356.7 -07.9681 24214.9
 20 03 2015  12 01  -17.5271 23981.0 -03356.6 -07.9678 24214.7
 20 03 2015  12 02  -17.5285 23981.3 -03356.5 -07.9676 24215.1
 20 03 2015  12 03  -17.5289 23982.1 -03356.2 -07.9665 24215.8
 20 03 2015  12 04  -17.5284 23982.7 -03355.8 -07.9654 24216.3
 20 03 2015  12 05  -17.5273 23982.9 -03355.5 -07.9646 24216.5
 20 03 2015  12 06  -17.5261 23982.8 -03355.6 -07.9650 24216.4
 20 03 2015  12 07  -17.5249 23982.6 -03355.3 -07.9643 24216.2
 20 03 2015  12 08  -17.5238 23982.9 -03355.3 -07.9641 24216.5
 20 03 2015  12 09  -17.5230 23983.0 -03355.1 -07.9636 24216.6
 20 03 2015  12 10  -17.5219 23983.3 -03354.9 -07.9632 24216.8
 20 03 2015  12 11  -17.5208 23983.4 -03354.5 -07.9621 24216.8
 20 03 2015  12 12  -17.5200 23984.2 -03354.5 -07.9619 24217.7
 20 03 2015  12 13  -17.5193 23984.9 -03354.4 -07.9613 24218.4
 20 03 2015  12 14  -17.5191 23985.7 -03353.8 -07.9598 24219.0
 20 03 2015  12 15  -17.5188 23986.6 -03352.5 -07.9563 24219.8
 20 03 2015  12 16  -17.5188 23987.6 -03352.3 -07.9555 24220.7
 20 03 2015  12 17  -17.5178 23989.6 -03352.2 -07.9547 24222.7
 20 03 2015  12 18  -17.5166 23992.2 -03350.9 -07.9509 24225.1
 20 03 2015  12 19  -17.5150 23994.6 -03349.5 -07.9469 24227.2
 20 03 2015  12 20  -17.5131 23996.4 -03349.3 -07.9458 24229.0
 20 03 2015  12 21  -17.5113 23996.8 -03349.2 -07.9454 24229.3
 20 03 2015  12 22  -17.5108 23996.0 -03349.2 -07.9457 24228.6
 20 03 2015  12 23  -17.5109 23995.1 -03349.9 -07.9475 24227.8
 20 03 2015  12 24  -17.5104 23995.6 -03349.9 -07.9473 24228.3
 20 03 2015  12 25  -17.5080 23997.4 -03349.3 -07.9454 24230.0
 20 03 2015  12 26  -17.5052 23998.8 -03348.4 -07.9428 24231.2
 20 03 2015  12 27  -17.5050 23999.1 -03348.0 -07.9419 24231.5
 20 03 2015  12 28  -17.5050 23999.3 -03348.1 -07.9419 24231.7
 20 03 2015  12 29  -17.5042 24000.3 -03346.9 -07.9388 24232.5
 20 03 2015  12 30  -17.5030 24001.2 -03347.7 -07.9403 24233.5
 20 03 2015  12 31  -17.5020 24002.3 -03346.4 -07.9370 24234.5
 20 03 2015  12 32  -17.5014 24003.7 -03346.3 -07.9364 24235.8
 20 03 2015  12 33  -17.5002 24005.1 -03346.3 -07.9360 24237.2
 20 03 2015  12 34  -17.4993 24006.6 -03346.1 -07.9349 24238.7
 20 03 2015  12 35  -17.4988 24007.9 -03345.1 -07.9321 24239.9
 20 03 2015  12 36  -17.4989 24008.3 -03345.5 -07.9328 24240.3
 20 03 2015  12 37  -17.4996 24008.4 -03345.0 -07.9317 24240.3
 20 03 2015  12 38  -17.5016 24008.2 -03345.8 -07.9337 24240.3
 20 03 2015  12 39  -17.5031 24008.2 -03346.7 -07.9357 24240.3
 20 03 2015  12 40  -17.5033 24008.7 -03345.9 -07.9338 24240.7
 20 03 2015  12 41  -17.5033 24009.4 -03346.4 -07.9346 24241.5
 20 03 2015  12 42  -17.5033 24008.6 -03347.0 -07.9362 24240.8
 20 03 2015  12 43  -17.5040 24007.2 -03348.2 -07.9396 24239.5
 20 03 2015  12 44  -17.5055 24005.6 -03349.0 -07.9420 24238.1
 20 03 2015  12 45  -17.5067 24005.3 -03349.6 -07.9435 24237.9
 20 03 2015  12 46  -17.5064 24006.6 -03349.0 -07.9417 24239.1
 20 03 2015  12 47  -17.5049 24008.8 -03347.7 -07.9380 24241.1
 20 03 2015  12 48  -17.5033 24010.8 -03346.8 -07.9351 24242.9
 20 03 2015  12 49  -17.5026 24011.3 -03346.7 -07.9348 24243.4
 20 03 2015  12 50  -17.5022 24011.7 -03346.8 -07.9350 24243.8
 20 03 2015  12 51  -17.5023 24011.2 -03347.0 -07.9355 24243.4
 20 03 2015  12 52  -17.5024 24010.9 -03347.7 -07.9372 24243.2
 20 03 2015  12 53  -17.5026 24010.8 -03348.1 -07.9382 24243.1
 20 03 2015  12 54  -17.5021 24011.3 -03348.0 -07.9378 24243.6
 20 03 2015  12 55  -17.5019 24011.4 -03348.0 -07.9378 24243.7
 20 03 2015  12 56  -17.5016 24011.4 -03348.2 -07.9383 24243.7
 20 03 2015  12 57  -17.5013 24011.5 -03348.3 -07.9384 24243.8
 20 03 2015  12 58  -17.5012 24010.8 -03348.6 -07.9394 24243.2
 20 03 2015  12 59  -17.5008 24010.8 -03348.9 -07.9401 24243.2
 20 03 2015  13 00  -17.5002 24011.0 -03348.8 -07.9397 24243.4
 20 03 2015  13 01  -17.4997 24011.1 -03348.6 -07.9393 24243.5
 20 03 2015  13 02  -17.5000 24010.6 -03349.1 -07.9406 24243.1
 20 03 2015  13 03  -17.5002 24011.0 -03349.2 -07.9406 24243.4
 20 03 2015  13 04  -17.5006 24011.1 -03349.1 -07.9405 24243.6
 20 03 2015  13 05  -17.5014 24010.6 -03349.4 -07.9413 24243.1
 20 03 2015  13 06  -17.5014 24010.2 -03349.8 -07.9424 24242.7
 20 03 2015  13 07  -17.5002 24010.8 -03349.4 -07.9413 24243.3
 20 03 2015  13 08  -17.4995 24010.9 -03349.3 -07.9409 24243.4
 20 03 2015  13 09  -17.4990 24010.6 -03349.3 -07.9411 24243.1
 20 03 2015  13 10  -17.4978 24010.8 -03349.3 -07.9411 24243.3
 20 03 2015  13 11  -17.4965 24011.3 -03349.1 -07.9403 24243.7
 20 03 2015  13 12  -17.4953 24011.8 -03348.8 -07.9396 24244.2
 20 03 2015  13 13  -17.4946 24011.8 -03348.9 -07.9397 24244.2
 20 03 2015  13 14  -17.4945 24011.6 -03349.2 -07.9405 24244.1
 20 03 2015  13 15  -17.4951 24011.3 -03349.6 -07.9416 24243.9
 20 03 2015  13 16  -17.4958 24011.4 -03349.9 -07.9422 24244.0
 20 03 2015  13 17  -17.4964 24011.8 -03349.9 -07.9421 24244.3
 20 03 2015  13 18  -17.4962 24012.6 -03349.6 -07.9412 24245.1
 20 03 2015  13 19  -17.4964 24013.4 -03349.3 -07.9401 24245.9
 20 03 2015  13 20  -17.4976 24013.1 -03349.6 -07.9411 24245.6
 20 03 2015  13 21  -17.4989 24011.0 -03350.8 -07.9443 24243.7
 20 03 2015  13 22  -17.4993 24009.8 -03351.6 -07.9467 24242.6
 20 03 2015  13 23  -17.4997 24008.8 -03352.0 -07.9479 24241.7
 20 03 2015  13 24  -17.4994 24009.6 -03351.9 -07.9476 24242.4
 20 03 2015  13 25  -17.4992 24010.1 -03351.7 -07.9469 24242.9
 20 03 2015  13 26  -17.4986 24011.0 -03351.4 -07.9458 24243.8
 20 03 2015  13 27  -17.4979 24011.4 -03351.1 -07.9450 24244.1
 20 03 2015  13 28  -17.4965 24012.2 -03350.9 -07.9443 24244.9
 20 03 2015  13 29  -17.4947 24013.2 -03350.5 -07.9430 24245.8
 20 03 2015  13 30  -17.4936 24013.1 -03350.5 -07.9432 24245.7
 20 03 2015  13 31  -17.4926 24013.0 -03350.8 -07.9437 24245.7
 20 03 2015  13 32  -17.4913 24013.9 -03350.6 -07.9431 24246.5
 20 03 2015  13 33  -17.4903 24015.4 -03350.1 -07.9415 24247.9
 20 03 2015  13 34  -17.4888 24016.5 -03349.6 -07.9399 24249.0
 20 03 2015  13 35  -17.4869 24017.1 -03349.3 -07.9388 24249.6
 20 03 2015  13 36  -17.4843 24018.0 -03348.8 -07.9375 24250.4
 20 03 2015  13 37  -17.4815 24019.4 -03348.1 -07.9355 24251.6
 20 03 2015  13 38  -17.4786 24021.3 -03347.1 -07.9324 24253.3
 20 03 2015  13 39  -17.4753 24022.5 -03346.5 -07.9307 24254.5
 20 03 2015  13 40  -17.4721 24023.1 -03345.9 -07.9290 24255.0
 20 03 2015  13 41  -17.4696 24023.8 -03345.7 -07.9282 24255.7
 20 03 2015  13 42  -17.4673 24025.8 -03344.8 -07.9256 24257.5
 20 03 2015  13 43  -17.4650 24027.7 -03343.9 -07.9229 24259.3
 20 03 2015  13 44  -17.4628 24029.0 -03343.1 -07.9206 24260.4
 20 03 2015  13 45  -17.4619 24028.6 -03343.5 -07.9216 24260.1
 20 03 2015  13 46  -17.4616 24027.9 -03344.0 -07.9231 24259.5
 20 03 2015  13 47  -17.4610 24027.6 -03344.2 -07.9237 24259.2
 20 03 2015  13 48  -17.4596 24028.4 -03344.1 -07.9230 24260.0
 20 03 2015  13 49  -17.4589 24029.4 -03343.7 -07.9218 24260.9
 20 03 2015  13 50  -17.4588 24030.1 -03343.7 -07.9216 24261.6
 20 03 2015  13 51  -17.4581 24031.2 -03343.0 -07.9197 24262.6
 20 03 2015  13 52  -17.4581 24031.5 -03343.1 -07.9198 24262.9
 20 03 2015  13 53  -17.4587 24030.5 -03343.3 -07.9207 24261.9
 20 03 2015  13 54  -17.4592 24029.5 -03344.1 -07.9226 24261.1
 20 03 2015  13 55  -17.4599 24029.0 -03344.6 -07.9240 24260.6
 20 03 2015  13 56  -17.4598 24029.9 -03344.6 -07.9238 24261.5
 20 03 2015  13 57  -17.4603 24030.7 -03344.5 -07.9232 24262.3
 20 03 2015  13 58  -17.4602 24032.3 -03343.7 -07.9210 24263.8
 20 03 2015  13 59  -17.4605 24033.3 -03343.5 -07.9200 24264.8
 20 03 2015  14 00  -17.4610 24033.8 -03343.3 -07.9196 24265.2
 20 03 2015  14 01  -17.4623 24032.7 -03344.1 -07.9216 24264.3
 20 03 2015  14 02  -17.4637 24031.6 -03344.7 -07.9234 24263.2
 20 03 2015  14 03  -17.4644 24031.4 -03345.0 -07.9241 24263.1
 20 03 2015  14 04  -17.4650 24031.5 -03345.0 -07.9241 24263.2
 20 03 2015  14 05  -17.4654 24031.5 -03345.1 -07.9245 24263.2
 20 03 2015  14 06  -17.4649 24031.5 -03345.2 -07.9247 24263.2
 20 03 2015  14 07  -17.4631 24032.2 -03345.0 -07.9239 24263.9
 20 03 2015  14 08  -17.4613 24032.1 -03344.9 -07.9237 24263.8
 20 03 2015  14 09  -17.4598 24032.5 -03344.9 -07.9236 24264.1
 20 03 2015  14 10  -17.4574 24033.8 -03344.3 -07.9219 24265.3
 20 03 2015  14 11  -17.4549 24034.7 -03343.7 -07.9202 24266.1
 20 03 2015  14 12  -17.4538 24034.1 -03343.9 -07.9207 24265.6
 20 03 2015  14 13  -17.4520 24034.4 -03343.7 -07.9203 24265.9
 20 03 2015  14 14  -17.4499 24035.5 -03343.2 -07.9186 24266.9
 20 03 2015  14 15  -17.4484 24036.1 -03342.8 -07.9176 24267.5
 20 03 2015  14 16  -17.4477 24036.6 -03342.7 -07.9172 24267.9
 20 03 2015  14 17  -17.4480 24036.4 -03342.8 -07.9175 24267.7
 20 03 2015  14 18  -17.4482 24035.9 -03343.2 -07.9185 24267.3
 20 03 2015  14 19  -17.4486 24036.0 -03343.2 -07.9184 24267.4
 20 03 2015  14 20  -17.4499 24035.3 -03343.4 -07.9193 24266.7
 20 03 2015  14 21  -17.4509 24034.1 -03344.1 -07.9213 24265.6
 20 03 2015  14 22  -17.4520 24032.8 -03344.7 -07.9231 24264.4
 20 03 2015  14 23  -17.4536 24030.9 -03345.4 -07.9254 24262.7
 20 03 2015  14 24  -17.4546 24029.9 -03346.0 -07.9270 24261.7
 20 03 2015  14 25  -17.4542 24031.0 -03345.5 -07.9256 24262.7
 20 03 2015  14 26  -17.4539 24031.4 -03345.2 -07.9248 24263.1
 20 03 2015  14 27  -17.4535 24032.0 -03345.0 -07.9240 24263.7
 20 03 2015  14 28  -17.4536 24033.2 -03344.5 -07.9224 24264.8
 20 03 2015  14 29  -17.4542 24033.4 -03344.4 -07.9222 24265.0
 20 03 2015  14 30  -17.4550 24033.4 -03344.5 -07.9225 24264.9
 20 03 2015  14 31  -17.4558 24033.3 -03344.6 -07.9227 24264.9
 20 03 2015  14 32  -17.4559 24034.2 -03344.2 -07.9214 24265.7
 20 03 2015  14 33  -17.4555 24034.0 -03344.2 -07.9215 24265.6
 20 03 2015  14 34  -17.4548 24034.0 -03344.1 -07.9214 24265.5
 20 03 2015  14 35  -17.4542 24033.8 -03344.1 -07.9213 24265.3
 20 03 2015  14 36  -17.4532 24034.4 -03343.7 -07.9203 24265.9
 20 03 2015  14 37  -17.4519 24035.0 -03343.6 -07.9197 24266.5
 20 03 2015  14 38  -17.4504 24035.8 -03342.6 -07.9171 24267.1
 20 03 2015  14 39  -17.4496 24037.9 -03341.7 -07.9143 24269.0
 20 03 2015  14 40  -17.4491 24038.7 -03341.0 -07.9124 24269.8
 20 03 2015  14 41  -17.4485 24039.6 -03340.9 -07.9119 24270.6
 20 03 2015  14 42  -17.4486 24040.1 -03340.3 -07.9103 24271.1
 20 03 2015  14 43  -17.4490 24040.1 -03340.5 -07.9110 24271.1
 20 03 2015  14 44  -17.4492 24040.3 -03340.3 -07.9104 24271.3
 20 03 2015  14 45  -17.4495 24039.9 -03340.4 -07.9108 24270.9
 20 03 2015  14 46  -17.4496 24039.3 -03340.6 -07.9114 24270.3
 20 03 2015  14 47  -17.4489 24039.7 -03340.5 -07.9109 24270.7
 20 03 2015  14 48  -17.4480 24041.0 -03339.9 -07.9091 24271.9
 20 03 2015  14 49  -17.4492 24040.8 -03339.9 -07.9093 24271.6
 20 03 2015  14 50  -17.4509 24040.7 -03339.7 -07.9089 24271.6
 20 03 2015  14 51  -17.4524 24040.5 -03340.1 -07.9097 24271.4
 20 03 2015  14 52  -17.4541 24039.6 -03340.6 -07.9112 24270.6
 20 03 2015  14 53  -17.4555 24038.8 -03341.0 -07.9124 24269.8
 20 03 2015  14 54  -17.4562 24038.7 -03340.8 -07.9121 24269.7
 20 03 2015  14 55  -17.4566 24038.6 -03340.8 -07.9120 24269.6
 20 03 2015  14 56  -17.4572 24038.7 -03340.8 -07.9121 24269.7
 20 03 2015  14 57  -17.4574 24038.1 -03341.0 -07.9127 24269.2
 20 03 2015  14 58  -17.4563 24038.1 -03340.9 -07.9126 24269.2
 20 03 2015  14 59  -17.4552 24038.2 -03340.7 -07.9121 24269.3
 20 03 2015  15 00  -17.4548 24038.0 -03340.8 -07.9122 24269.0
 20 03 2015  15 01  -17.4537 24038.4 -03340.6 -07.9117 24269.5
 20 03 2015  15 02  -17.4528 24039.0 -03340.3 -07.9108 24269.9
 20 03 2015  15 03  -17.4530 24038.5 -03340.5 -07.9114 24269.5
 20 03 2015  15 04  -17.4534 24038.0 -03340.8 -07.9123 24269.0
 20 03 2015  15 05  -17.4539 24037.2 -03341.2 -07.9136 24268.3
 20 03 2015  15 06  -17.4546 24036.4 -03341.6 -07.9147 24267.6
 20 03 2015  15 07  -17.4552 24035.9 -03342.0 -07.9157 24267.1
 20 03 2015  15 08  -17.4558 24036.2 -03341.9 -07.9154 24267.4
 20 03 2015  15 09  -17.4563 24036.8 -03341.6 -07.9145 24268.0
 20 03 2015  15 10  -17.4565 24037.0 -03341.5 -07.9143 24268.2
 20 03 2015  15 11  -17.4569 24036.6 -03341.7 -07.9148 24267.8
 20 03 2015  15 12  -17.4570 24036.0 -03341.9 -07.9155 24267.2
 20 03 2015  15 13  -17.4575 24035.6 -03342.2 -07.9163 24266.9
 20 03 2015  15 14  -17.4572 24036.0 -03342.1 -07.9159 24267.2
 20 03 2015  15 15  -17.4571 24035.2 -03342.3 -07.9168 24266.5
 20 03 2015  15 16  -17.4572 24034.2 -03342.9 -07.9185 24265.6
 20 03 2015  15 17  -17.4568 24033.9 -03343.2 -07.9192 24265.3
 20 03 2015  15 18  -17.4557 24034.6 -03343.0 -07.9186 24266.0
 20 03 2015  15 19  -17.4552 24035.2 -03342.7 -07.9175 24266.5
 20 03 2015  15 20  -17.4557 24034.8 -03342.9 -07.9181 24266.2
 20 03 2015  15 21  -17.4562 24034.0 -03343.2 -07.9192 24265.4
 20 03 2015  15 22  -17.4569 24033.4 -03343.6 -07.9204 24264.9
 20 03 2015  15 23  -17.4575 24033.8 -03343.6 -07.9202 24265.2
 20 03 2015  15 24  -17.4584 24033.3 -03343.9 -07.9211 24264.8
 20 03 2015  15 25  -17.4586 24032.7 -03344.3 -07.9220 24264.3
 20 03 2015  15 26  -17.4578 24032.6 -03344.4 -07.9224 24264.1
 20 03 2015  15 27  -17.4573 24032.3 -03344.5 -07.9229 24263.9
 20 03 2015  15 28  -17.4575 24031.9 -03344.8 -07.9236 24263.6
 20 03 2015  15 29  -17.4565 24032.0 -03344.9 -07.9239 24263.7
 20 03 2015  15 30  -17.4559 24032.6 -03344.8 -07.9234 24264.3
 20 03 2015  15 31  -17.4557 24032.7 -03344.9 -07.9236 24264.4
 20 03 2015  15 32  -17.4555 24032.5 -03345.2 -07.9243 24264.2
 20 03 2015  15 33  -17.4546 24032.7 -03345.2 -07.9244 24264.4
 20 03 2015  15 34  -17.4530 24032.8 -03345.1 -07.9241 24264.5
 20 03 2015  15 35  -17.4516 24032.9 -03345.3 -07.9243 24264.6
 20 03 2015  15 36  -17.4497 24032.7 -03345.1 -07.9240 24264.4
 20 03 2015  15 37  -17.4479 24031.2 -03345.7 -07.9259 24263.0
 20 03 2015  15 38  -17.4467 24030.5 -03346.1 -07.9271 24262.3
 20 03 2015  15 39  -17.4465 24029.8 -03346.5 -07.9282 24261.8
 20 03 2015  15 40  -17.4478 24028.6 -03347.0 -07.9297 24260.6
 20 03 2015  15 41  -17.4492 24027.2 -03347.8 -07.9321 24259.3
 20 03 2015  15 42  -17.4508 24026.9 -03348.5 -07.9338 24259.1
 20 03 2015  15 43  -17.4527 24027.4 -03348.0 -07.9325 24259.5
 20 03 2015  15 44  -17.4547 24027.7 -03347.8 -07.9321 24259.8
 20 03 2015  15 45  -17.4559 24028.4 -03347.9 -07.9320 24260.6
 20 03 2015  15 46  -17.4559 24029.4 -03347.2 -07.9301 24261.4
 20 03 2015  15 47  -17.4550 24031.0 -03346.8 -07.9286 24262.9
 20 03 2015  15 48  -17.4539 24032.2 -03346.0 -07.9264 24264.0
 20 03 2015  15 49  -17.4526 24032.7 -03345.4 -07.9248 24264.4
 20 03 2015  15 50  -17.4511 24032.7 -03345.5 -07.9249 24264.5
 20 03 2015  15 51  -17.4497 24033.7 -03345.0 -07.9234 24265.4
 20 03 2015  15 52  -17.4474 24034.9 -03344.2 -07.9212 24266.5
 20 03 2015  15 53  -17.4456 24035.7 -03344.0 -07.9205 24267.2
 20 03 2015  15 54  -17.4443 24036.1 -03343.7 -07.9196 24267.6
 20 03 2015  15 55  -17.4448 24035.8 -03344.1 -07.9208 24267.3
 20 03 2015  15 56  -17.4457 24035.0 -03344.4 -07.9218 24266.6
 20 03 2015  15 57  -17.4463 24034.6 -03344.3 -07.9216 24266.1
 20 03 2015  15 58  -17.4478 24034.3 -03344.8 -07.9227 24266.0
 20 03 2015  15 59  -17.4487 24035.1 -03343.9 -07.9205 24266.6
 20 03 2015  16 00  -17.4495 24034.7 -03344.2 -07.9213 24266.3
 20 03 2015  16 01  -17.4505 24033.6 -03345.0 -07.9236 24265.2
 20 03 2015  16 02  -17.4521 24033.2 -03345.5 -07.9248 24264.9
 20 03 2015  16 03  -17.4545 24033.4 -03345.7 -07.9252 24265.2
 20 03 2015  16 04  -17.4566 24033.5 -03345.7 -07.9253 24265.3
 20 03 2015  16 05  -17.4573 24033.1 -03345.9 -07.9259 24264.9
 20 03 2015  16 06  -17.4559 24032.2 -03346.0 -07.9263 24264.0
 20 03 2015  16 07  -17.4519 24032.2 -03345.9 -07.9261 24264.0
 20 03 2015  16 08  -17.4493 24031.7 -03345.8 -07.9260 24263.5
 20 03 2015  16 09  -17.4501 24030.6 -03346.5 -07.9281 24262.5
 20 03 2015  16 10  -17.4521 24029.8 -03347.2 -07.9299 24261.9
 20 03 2015  16 11  -17.4537 24029.1 -03347.8 -07.9314 24261.2
 20 03 2015  16 12  -17.4555 24028.6 -03348.0 -07.9323 24260.7
 20 03 2015  16 13  -17.4564 24028.0 -03348.2 -07.9329 24260.1
 20 03 2015  16 14  -17.4568 24027.2 -03348.4 -07.9336 24259.4
 20 03 2015  16 15  -17.4581 24026.6 -03348.8 -07.9346 24258.8
 20 03 2015  16 16  -17.4602 24027.4 -03348.7 -07.9341 24259.6
 20 03 2015  16 17  -17.4610 24028.2 -03348.4 -07.9331 24260.4
 20 03 2015  16 18  -17.4588 24029.0 -03347.7 -07.9314 24261.1
 20 03 2015  16 19  -17.4560 24028.2 -03347.9 -07.9322 24260.3
 20 03 2015  16 20  -17.4552 24027.3 -03348.5 -07.9337 24259.5
 20 03 2015  16 21  -17.4557 24026.3 -03349.2 -07.9358 24258.6
 20 03 2015  16 22  -17.4570 24024.8 -03350.1 -07.9384 24257.3
 20 03 2015  16 23  -17.4586 24022.6 -03351.0 -07.9412 24255.2
 20 03 2015  16 24  -17.4600 24020.6 -03351.7 -07.9435 24253.3
 20 03 2015  16 25  -17.4626 24019.2 -03352.4 -07.9455 24252.0
 20 03 2015  16 26  -17.4649 24019.3 -03352.4 -07.9455 24252.1
 20 03 2015  16 27  -17.4669 24019.4 -03352.5 -07.9457 24252.2
 20 03 2015  16 28  -17.4681 24019.1 -03352.6 -07.9461 24251.9
 20 03 2015  16 29  -17.4688 24018.5 -03353.0 -07.9473 24251.4
 20 03 2015  16 30  -17.4701 24017.3 -03353.5 -07.9488 24250.3
 20 03 2015  16 31  -17.4721 24016.1 -03354.2 -07.9508 24249.2
 20 03 2015  16 32  -17.4744 24015.4 -03354.8 -07.9523 24248.6
 20 03 2015  16 33  -17.4758 24014.8 -03355.2 -07.9536 24248.1
 20 03 2015  16 34  -17.4772 24014.2 -03355.8 -07.9550 24247.5
 20 03 2015  16 35  -17.4792 24012.9 -03356.5 -07.9571 24246.4
 20 03 2015  16 36  -17.4815 24012.1 -03357.1 -07.9589 24245.7
 20 03 2015  16 37  -17.4836 24011.9 -03357.3 -07.9594 24245.5
 20 03 2015  16 38  -17.4839 24011.1 -03357.7 -07.9605 24244.7
 20 03 2015  16 39  -17.4823 24010.4 -03357.7 -07.9608 24244.1
 20 03 2015  16 40  -17.4823 24009.1 -03358.1 -07.9622 24242.8
 20 03 2015  16 41  -17.4832 24007.6 -03359.0 -07.9648 24241.4
 20 03 2015  16 42  -17.4850 24006.5 -03359.8 -07.9669 24240.5
 20 03 2015  16 43  -17.4868 24005.9 -03360.4 -07.9686 24239.9
 20 03 2015  16 44  -17.4879 24004.8 -03361.1 -07.9705 24238.9
 20 03 2015  16 45  -17.4897 24004.2 -03361.9 -07.9727 24238.5
 20 03 2015  16 46  -17.4911 24003.6 -03362.3 -07.9739 24237.9
 20 03 2015  16 47  -17.4895 24004.3 -03361.9 -07.9726 24238.6
 20 03 2015  16 48  -17.4888 24004.5 -03361.9 -07.9726 24238.8
 20 03 2015  16 49  -17.4907 24003.7 -03362.3 -07.9737 24238.0
 20 03 2015  16 50  -17.4940 24001.9 -03363.0 -07.9759 24236.4
 20 03 2015  16 51  -17.4969 24000.8 -03363.8 -07.9782 24235.4
 20 03 2015  16 52  -17.4986 24000.3 -03363.9 -07.9787 24234.9
 20 03 2015  16 53  -17.5001 24000.1 -03364.1 -07.9791 24234.8
 20 03 2015  16 54  -17.5023 23999.6 -03364.1 -07.9794 24234.2
 20 03 2015  16 55  -17.5045 23999.7 -03364.8 -07.9808 24234.5
 20 03 2015  16 56  -17.5061 23999.4 -03364.9 -07.9812 24234.2
 20 03 2015  16 57  -17.5082 23998.3 -03365.4 -07.9829 24233.1
 20 03 2015  16 58  -17.5103 23997.0 -03366.2 -07.9850 24232.0
 20 03 2015  16 59  -17.5117 23995.9 -03366.6 -07.9864 24230.9
 20 03 2015  17 00  -17.5130 23995.6 -03367.2 -07.9880 24230.7
 20 03 2015  17 01  -17.5150 23994.9 -03367.6 -07.9890 24230.1
 20 03 2015  17 02  -17.5167 23994.5 -03367.4 -07.9887 24229.7
 20 03 2015  17 03  -17.5178 23994.7 -03368.1 -07.9902 24230.0
 20 03 2015  17 04  -17.5186 23995.2 -03367.8 -07.9893 24230.3
 20 03 2015  17 05  -17.5192 23995.1 -03368.0 -07.9898 24230.3
 20 03 2015  17 06  -17.5196 23994.2 -03368.4 -07.9911 24229.5
 20 03 2015  17 07  -17.5204 23993.4 -03369.0 -07.9928 24228.7
 20 03 2015  17 08  -17.5211 23992.0 -03369.7 -07.9949 24227.5
 20 03 2015  17 09  -17.5219 23991.5 -03370.0 -07.9959 24227.0
 20 03 2015  17 10  -17.5230 23990.8 -03370.4 -07.9971 24226.4
 20 03 2015  17 11  -17.5242 23989.9 -03371.0 -07.9986 24225.6
 20 03 2015  17 12  -17.5251 23989.7 -03371.2 -07.9992 24225.4
 20 03 2015  17 13  -17.5262 23989.5 -03371.4 -07.9998 24225.3
 20 03 2015  17 14  -17.5268 23989.3 -03371.7 -08.0004 24225.1
 20 03 2015  17 15  -17.5277 23989.4 -03371.8 -08.0006 24225.2
 20 03 2015  17 16  -17.5291 23989.2 -03371.9 -08.0010 24225.0
 20 03 2015  17 17  -17.5306 23988.5 -03372.3 -08.0021 24224.4
 20 03 2015  17 18  -17.5313 23988.6 -03372.3 -08.0022 24224.5
 20 03 2015  17 19  -17.5325 23988.6 -03372.5 -08.0025 24224.5
 20 03 2015  17 20  -17.5336 23988.3 -03372.6 -08.0029 24224.2
 20 03 2015  17 21  -17.5345 23987.8 -03372.9 -08.0038 24223.8
 20 03 2015  17 22  -17.5354 23987.5 -03373.2 -08.0046 24223.5
 20 03 2015  17 23  -17.5358 23988.1 -03373.1 -08.0042 24224.1
 20 03 2015  17 24  -17.5361 23989.6 -03372.6 -08.0024 24225.5
 20 03 2015  17 25  -17.5375 23990.7 -03372.1 -08.0010 24226.5
 20 03 2015  17 26  -17.5388 23991.0 -03372.0 -08.0006 24226.8
 20 03 2015  17 27  -17.5401 23990.8 -03372.0 -08.0007 24226.6
 20 03 2015  17 28  -17.5414 23990.4 -03372.2 -08.0012 24226.2
 20 03 2015  17 29  -17.5429 23989.3 -03372.6 -08.0025 24225.2
 20 03 2015  17 30  -17.5444 23988.2 -03373.1 -08.0041 24224.2
 20 03 2015  17 31  -17.5449 23987.7 -03373.5 -08.0053 24223.7
 20 03 2015  17 32  -17.5453 23988.0 -03373.6 -08.0053 24224.1
 20 03 2015  17 33  -17.5457 23988.3 -03373.6 -08.0053 24224.3
 20 03 2015  17 34  -17.5460 23988.1 -03373.9 -08.0061 24224.2
 20 03 2015  17 35  -17.5461 23988.2 -03374.1 -08.0064 24224.4
 20 03 2015  17 36  -17.5468 23988.3 -03374.2 -08.0067 24224.5
 20 03 2015  17 37  -17.5482 23988.5 -03374.0 -08.0062 24224.6
 20 03 2015  17 38  -17.5484 23988.9 -03373.8 -08.0056 24225.0
 20 03 2015  17 39  -17.5484 23990.0 -03373.2 -08.0039 24226.0
 20 03 2015  17 40  -17.5487 23991.3 -03372.0 -08.0006 24227.1
 20 03 2015  17 41  -17.5491 23991.8 -03372.1 -08.0006 24227.6
 20 03 2015  17 42  -17.5489 23991.4 -03371.6 -07.9997 24227.1
 20 03 2015  17 43  -17.5490 23990.5 -03371.7 -08.0000 24226.3
 20 03 2015  17 44  -17.5489 23990.4 -03371.6 -08.0000 24226.2
 20 03 2015  17 45  -17.5487 23990.3 -03371.3 -07.9992 24226.0
 20 03 2015  17 46  -17.5482 23989.7 -03371.6 -08.0001 24225.5
 20 03 2015  17 47  -17.5483 23988.8 -03371.9 -08.0010 24224.6
 20 03 2015  17 48  -17.5488 23988.8 -03371.7 -08.0007 24224.6
 20 03 2015  17 49  -17.5494 23988.5 -03372.0 -08.0015 24224.4
 20 03 2015  17 50  -17.5507 23987.8 -03372.0 -08.0018 24223.7
 20 03 2015  17 51  -17.5510 23987.5 -03372.3 -08.0025 24223.4
 20 03 2015  17 52  -17.5511 23986.8 -03372.4 -08.0029 24222.7
 20 03 2015  17 53  -17.5515 23986.2 -03372.4 -08.0031 24222.1
 20 03 2015  17 54  -17.5516 23985.6 -03372.7 -08.0042 24221.5
 20 03 2015  17 55  -17.5517 23984.9 -03372.9 -08.0048 24220.9
 20 03 2015  17 56  -17.5519 23984.1 -03373.3 -08.0059 24220.1
 20 03 2015  17 57  -17.5516 23983.0 -03373.5 -08.0069 24219.1
 20 03 2015  17 58  -17.5521 23981.6 -03373.9 -08.0082 24217.7
 20 03 2015  17 59  -17.5530 23980.5 -03374.3 -08.0096 24216.8
 20 03 2015  18 00  -17.5540 23979.5 -03374.4 -08.0102 24215.7
 20 03 2015  18 01  -17.5551 23978.9 -03374.5 -08.0104 24215.2
 20 03 2015  18 02  -17.5562 23978.1 -03374.5 -08.0107 24214.4
 20 03 2015  18 03  -17.5573 23977.1 -03374.6 -08.0113 24213.4
 20 03 2015  18 04  -17.5590 23976.5 -03374.9 -08.0122 24212.9
 20 03 2015  18 05  -17.5597 23975.9 -03375.6 -08.0140 24212.4
 20 03 2015  18 06  -17.5589 23976.5 -03375.6 -08.0138 24212.9
 20 03 2015  18 07  -17.5586 23977.8 -03375.2 -08.0124 24214.2
 20 03 2015  18 08  -17.5601 23978.8 -03374.7 -08.0109 24215.1
 20 03 2015  18 09  -17.5626 23978.9 -03374.2 -08.0099 24215.1
 20 03 2015  18 10  -17.5639 23977.4 -03374.6 -08.0113 24213.7
 20 03 2015  18 11  -17.5637 23975.5 -03375.3 -08.0135 24211.9
 20 03 2015  18 12  -17.5626 23974.6 -03375.6 -08.0145 24211.1
 20 03 2015  18 13  -17.5619 23974.1 -03375.6 -08.0148 24210.5
 20 03 2015  18 14  -17.5619 23973.8 -03375.7 -08.0149 24210.3
 20 03 2015  18 15  -17.5618 23973.1 -03375.8 -08.0156 24209.6
 20 03 2015  18 16  -17.5616 23972.2 -03376.0 -08.0162 24208.8
 20 03 2015  18 17  -17.5617 23971.3 -03376.3 -08.0172 24207.9
 20 03 2015  18 18  -17.5618 23970.1 -03376.6 -08.0184 24206.7
 20 03 2015  18 19  -17.5621 23969.2 -03376.8 -08.0190 24205.9
 20 03 2015  18 20  -17.5628 23968.3 -03376.9 -08.0197 24205.0
 20 03 2015  18 21  -17.5640 23967.6 -03376.9 -08.0199 24204.3
 20 03 2015  18 22  -17.5653 23966.8 -03376.9 -08.0201 24203.6
 20 03 2015  18 23  -17.5660 23966.3 -03376.9 -08.0203 24203.0
 20 03 2015  18 24  -17.5665 23966.1 -03376.8 -08.0200 24202.8
 20 03 2015  18 25  -17.5672 23966.0 -03376.6 -08.0196 24202.6
 20 03 2015  18 26  -17.5678 23966.2 -03376.1 -08.0185 24202.8
 20 03 2015  18 27  -17.5685 23966.7 -03375.6 -08.0172 24203.3
 20 03 2015  18 28  -17.5687 23967.5 -03375.1 -08.0155 24204.0
 20 03 2015  18 29  -17.5688 23968.0 -03374.5 -08.0141 24204.4
 20 03 2015  18 30  -17.5687 23968.5 -03374.0 -08.0127 24204.8
 20 03 2015  18 31  -17.5691 23969.1 -03373.5 -08.0113 24205.3
 20 03 2015  18 32  -17.5696 23969.6 -03373.2 -08.0104 24205.8
 20 03 2015  18 33  -17.5701 23970.6 -03372.5 -08.0087 24206.7
 20 03 2015  18 34  -17.5708 23971.9 -03371.9 -08.0068 24207.9
 20 03 2015  18 35  -17.5712 23973.5 -03370.9 -08.0038 24209.3
 20 03 2015  18 36  -17.5708 23975.3 -03369.9 -08.0009 24211.0
 20 03 2015  18 37  -17.5697 23976.8 -03369.1 -07.9985 24212.3
 20 03 2015  18 38  -17.5688 23977.0 -03368.6 -07.9973 24212.5
 20 03 2015  18 39  -17.5682 23976.2 -03368.3 -07.9968 24211.7
 20 03 2015  18 40  -17.5678 23975.3 -03369.1 -07.9989 24210.9
 20 03 2015  18 41  -17.5676 23974.5 -03368.4 -07.9977 24210.0
 20 03 2015  18 42  -17.5676 23974.0 -03369.5 -08.0004 24209.7
 20 03 2015  18 43  -17.5673 23973.6 -03369.6 -08.0008 24209.3
 20 03 2015  18 44  -17.5671 23973.0 -03369.4 -08.0005 24208.7
 20 03 2015  18 45  -17.5669 23973.1 -03369.4 -08.0005 24208.7
 20 03 2015  18 46  -17.5665 23973.2 -03368.9 -07.9992 24208.8
 20 03 2015  18 47  -17.5664 23973.0 -03368.6 -07.9986 24208.5
 20 03 2015  18 48  -17.5666 23973.0 -03368.5 -07.9984 24208.5
 20 03 2015  18 49  -17.5665 23972.6 -03368.4 -07.9984 24208.1
 20 03 2015  18 50  -17.5662 23972.8 -03367.8 -07.9967 24208.2
 20 03 2015  18 51  -17.5663 23973.0 -03367.3 -07.9956 24208.4
 20 03 2015  18 52  -17.5663 23972.8 -03367.2 -07.9955 24208.1
 20 03 2015  18 53  -17.5660 23972.5 -03366.8 -07.9946 24207.8
 20 03 2015  18 54  -17.5665 23972.6 -03367.0 -07.9950 24207.9
 20 03 2015  18 55  -17.5665 23972.7 -03366.3 -07.9933 24207.9
 20 03 2015  18 56  -17.5666 23973.0 -03366.5 -07.9937 24208.2
 20 03 2015  18 57  -17.5671 23972.7 -03365.4 -07.9912 24207.7
 20 03 2015  18 58  -17.5667 23972.2 -03366.7 -07.9945 24207.4
 20 03 2015  18 59  -17.5652 23972.5 -03365.0 -07.9904 24207.5
 20 03 2015  19 00  -17.5649 23972.2 -03365.2 -07.9909 24207.3
 20 03 2015  19 01  -17.5645 23972.2 -03364.3 -07.9889 24207.1
 20 03 2015  19 02  -17.5638 23972.5 -03364.3 -07.9886 24207.4
 20 03 2015  19 03  -17.5636 23972.6 -03363.9 -07.9878 24207.4
 20 03 2015  19 04  -17.5637 23972.5 -03363.8 -07.9875 24207.4
 20 03 2015  19 05  -17.5634 23972.2 -03363.2 -07.9862 24207.0
 20 03 2015  19 06  -17.5627 23972.6 -03363.4 -07.9866 24207.4
 20 03 2015  19 07  -17.5617 23972.4 -03363.4 -07.9866 24207.2
 20 03 2015  19 08  -17.5602 23972.3 -03362.9 -07.9854 24207.0
 20 03 2015  19 09  -17.5596 23971.8 -03362.4 -07.9844 24206.4
 20 03 2015  19 10  -17.5592 23971.8 -03362.2 -07.9840 24206.4
 20 03 2015  19 11  -17.5589 23971.6 -03361.5 -07.9825 24206.1
 20 03 2015  19 12  -17.5593 23971.0 -03362.3 -07.9845 24205.6
 20 03 2015  19 13  -17.5601 23970.3 -03362.0 -07.9840 24204.9
 20 03 2015  19 14  -17.5591 23970.3 -03361.8 -07.9836 24204.9
 20 03 2015  19 15  -17.5589 23970.6 -03361.1 -07.9817 24205.1
 20 03 2015  19 16  -17.5608 23968.5 -03362.0 -07.9847 24203.1
 20 03 2015  19 17  -17.5616 23966.8 -03362.7 -07.9867 24201.5
 20 03 2015  19 18  -17.5620 23966.2 -03362.3 -07.9861 24200.9
 20 03 2015  19 19  -17.5628 23964.9 -03362.2 -07.9862 24199.6
 20 03 2015  19 20  -17.5632 23963.3 -03362.9 -07.9886 24198.1
 20 03 2015  19 21  -17.5625 23962.0 -03362.9 -07.9888 24196.8
 20 03 2015  19 22  -17.5622 23961.5 -03363.3 -07.9899 24196.4
 20 03 2015  19 23  -17.5624 23960.2 -03363.1 -07.9899 24195.1
 20 03 2015  19 24  -17.5627 23959.5 -03363.1 -07.9901 24194.4
 20 03 2015  19 25  -17.5625 23959.3 -03362.3 -07.9884 24194.0
 20 03 2015  19 26  -17.5619 23960.1 -03362.7 -07.9891 24194.9
 20 03 2015  19 27  -17.5615 23960.3 -03361.9 -07.9870 24195.0
 20 03 2015  19 28  -17.5610 23960.8 -03361.1 -07.9850 24195.4
 20 03 2015  19 29  -17.5601 23961.0 -03361.2 -07.9853 24195.6
 20 03 2015  19 30  -17.5592 23961.5 -03361.2 -07.9851 24196.1
 20 03 2015  19 31  -17.5578 23961.7 -03360.5 -07.9834 24196.2
 20 03 2015  19 32  -17.5573 23962.1 -03359.8 -07.9817 24196.5
 20 03 2015  19 33  -17.5577 23963.0 -03359.7 -07.9811 24197.4
 20 03 2015  19 34  -17.5574 23963.4 -03359.2 -07.9798 24197.7
 20 03 2015  19 35  -17.5568 23963.8 -03358.5 -07.9781 24198.0
 20 03 2015  19 36  -17.5565 23964.1 -03359.2 -07.9795 24198.4
 20 03 2015  19 37  -17.5556 23964.7 -03358.8 -07.9783 24198.9
 20 03 2015  19 38  -17.5562 23964.9 -03358.4 -07.9773 24199.1
 20 03 2015  19 39  -17.5559 23965.1 -03358.4 -07.9773 24199.2
 20 03 2015  19 40  -17.5555 23964.9 -03358.3 -07.9772 24199.0
 20 03 2015  19 41  -17.5553 23965.0 -03358.3 -07.9772 24199.1
 20 03 2015  19 42  -17.5555 23964.8 -03358.2 -07.9770 24199.0
 20 03 2015  19 43  -17.5551 23964.5 -03358.5 -07.9777 24198.7
 20 03 2015  19 44  -17.5543 23964.9 -03358.4 -07.9774 24199.1
 20 03 2015  19 45  -17.5544 23965.0 -03358.2 -07.9767 24199.2
 20 03 2015  19 46  -17.5556 23965.0 -03358.0 -07.9764 24199.1
 20 03 2015  19 47  -17.5568 23964.5 -03358.3 -07.9773 24198.7
 20 03 2015  19 48  -17.5565 23964.6 -03358.5 -07.9777 24198.8
 20 03 2015  19 49  -17.5564 23964.8 -03358.2 -07.9770 24198.9
 20 03 2015  19 50  -17.5556 23964.8 -03358.2 -07.9769 24199.0
 20 03 2015  19 51  -17.5549 23964.9 -03358.4 -07.9773 24199.1
 20 03 2015  19 52  -17.5548 23964.8 -03358.4 -07.9773 24199.0
 20 03 2015  19 53  -17.5544 23964.5 -03358.3 -07.9774 24198.7
 20 03 2015  19 54  -17.5544 23964.1 -03358.8 -07.9785 24198.3
 20 03 2015  19 55  -17.5540 23963.7 -03358.8 -07.9787 24198.0
 20 03 2015  19 56  -17.5526 23964.6 -03358.7 -07.9782 24198.9
 20 03 2015  19 57  -17.5521 23966.1 -03358.3 -07.9767 24200.2
 20 03 2015  19 58  -17.5528 23966.2 -03358.4 -07.9769 24200.3
 20 03 2015  19 59  -17.5533 23965.4 -03358.7 -07.9779 24199.6
 20 03 2015  20 00  -17.5527 23965.7 -03358.6 -07.9775 24199.9
 20 03 2015  20 01  -17.5524 23965.9 -03358.4 -07.9771 24200.1
 20 03 2015  20 02  -17.5525 23965.4 -03358.7 -07.9778 24199.6
 20 03 2015  20 03  -17.5515 23965.0 -03358.9 -07.9786 24199.3
 20 03 2015  20 04  -17.5498 23965.5 -03358.8 -07.9780 24199.8
 20 03 2015  20 05  -17.5482 23966.4 -03358.3 -07.9767 24200.5
 20 03 2015  20 06  -17.5469 23966.5 -03358.3 -07.9766 24200.6
 20 03 2015  20 07  -17.5454 23966.5 -03358.2 -07.9765 24200.6
 20 03 2015  20 08  -17.5442 23966.3 -03358.3 -07.9767 24200.4
 20 03 2015  20 09  -17.5431 23965.8 -03358.5 -07.9772 24200.0
 20 03 2015  20 10  -17.5418 23965.5 -03358.4 -07.9771 24199.7
 20 03 2015  20 11  -17.5410 23965.2 -03358.4 -07.9774 24199.4
 20 03 2015  20 12  -17.5400 23965.4 -03358.2 -07.9768 24199.5
 20 03 2015  20 13  -17.5392 23965.4 -03358.1 -07.9765 24199.6
 20 03 2015  20 14  -17.5385 23965.4 -03358.0 -07.9763 24199.5
 20 03 2015  20 15  -17.5380 23965.4 -03358.1 -07.9764 24199.6
 20 03 2015  20 16  -17.5374 23965.6 -03357.8 -07.9758 24199.7
 20 03 2015  20 17  -17.5371 23965.7 -03357.9 -07.9759 24199.8
 20 03 2015  20 18  -17.5371 23965.5 -03357.9 -07.9759 24199.6
 20 03 2015  20 19  -17.5373 23965.4 -03357.9 -07.9760 24199.5
 20 03 2015  20 20  -17.5371 23965.7 -03357.7 -07.9754 24199.8
 20 03 2015  20 21  -17.5367 23965.8 -03357.6 -07.9753 24199.9
 20 03 2015  20 22  -17.5361 23965.7 -03357.6 -07.9753 24199.8
 20 03 2015  20 23  -17.5354 23965.5 -03357.8 -07.9757 24199.6
 20 03 2015  20 24  -17.5349 23965.6 -03357.5 -07.9751 24199.6
 20 03 2015  20 25  -17.5343 23965.5 -03357.5 -07.9750 24199.6
 20 03 2015  20 26  -17.5336 23965.7 -03357.3 -07.9746 24199.7
 20 03 2015  20 27  -17.5325 23966.2 -03357.2 -07.9741 24200.2
 20 03 2015  20 28  -17.5315 23966.7 -03356.9 -07.9733 24200.6
 20 03 2015  20 29  -17.5305 23967.3 -03356.7 -07.9727 24201.2
 20 03 2015  20 30  -17.5297 23967.9 -03356.5 -07.9718 24201.8
 20 03 2015  20 31  -17.5288 23968.4 -03356.4 -07.9715 24202.2
 20 03 2015  20 32  -17.5278 23968.9 -03356.3 -07.9710 24202.7
 20 03 2015  20 33  -17.5269 23969.4 -03356.5 -07.9714 24203.2
 20 03 2015  20 34  -17.5260 23970.0 -03356.0 -07.9700 24203.7
 20 03 2015  20 35  -17.5254 23970.4 -03355.9 -07.9696 24204.2
 20 03 2015  20 36  -17.5249 23970.8 -03356.1 -07.9700 24204.6
 20 03 2015  20 37  -17.5246 23970.9 -03356.0 -07.9697 24204.7
 20 03 2015  20 38  -17.5242 23970.9 -03356.0 -07.9697 24204.6
 20 03 2015  20 39  -17.5236 23970.9 -03355.9 -07.9696 24204.7
 20 03 2015  20 40  -17.5232 23970.9 -03355.9 -07.9694 24204.7
 20 03 2015  20 41  -17.5230 23970.8 -03355.9 -07.9696 24204.6
 20 03 2015  20 42  -17.5224 23970.9 -03355.5 -07.9686 24204.6
 20 03 2015  20 43  -17.5216 23971.1 -03355.6 -07.9689 24204.8
 20 03 2015  20 44  -17.5209 23971.3 -03355.4 -07.9682 24205.0
 20 03 2015  20 45  -17.5201 23971.5 -03355.2 -07.9678 24205.2
 20 03 2015  20 46  -17.5193 23971.7 -03355.1 -07.9674 24205.4
 20 03 2015  20 47  -17.5186 23971.8 -03355.1 -07.9674 24205.5
 20 03 2015  20 48  -17.5180 23971.9 -03355.3 -07.9678 24205.6
 20 03 2015  20 49  -17.5177 23971.8 -03355.1 -07.9674 24205.5
 20 03 2015  20 50  -17.5176 23971.6 -03355.4 -07.9680 24205.3
 20 03 2015  20 51  -17.5175 23971.4 -03355.1 -07.9675 24205.1
 20 03 2015  20 52  -17.5172 23971.2 -03355.1 -07.9675 24204.8
 20 03 2015  20 53  -17.5166 23971.0 -03354.8 -07.9670 24204.7
 20 03 2015  20 54  -17.5164 23970.9 -03355.4 -07.9683 24204.6
 20 03 2015  20 55  -17.5160 23970.8 -03354.8 -07.9669 24204.4
 20 03 2015  20 56  -17.5155 23970.9 -03354.8 -07.9670 24204.6
 20 03 2015  20 57  -17.5150 23970.9 -03354.8 -07.9670 24204.6
 20 03 2015  20 58  -17.5144 23971.0 -03354.8 -07.9669 24204.7
 20 03 2015  20 59  -17.5140 23971.0 -03354.7 -07.9666 24204.6
 20 03 2015  21 00  -17.5135 23971.2 -03354.6 -07.9664 24204.8
 20 03 2015  21 01  -17.5129 23971.4 -03354.5 -07.9660 24205.0
 20 03 2015  21 02  -17.5124 23971.7 -03354.4 -07.9657 24205.3
 20 03 2015  21 03  -17.5119 23972.2 -03354.2 -07.9650 24205.7
 20 03 2015  21 04  -17.5115 23972.5 -03354.3 -07.9654 24206.0
 20 03 2015  21 05  -17.5112 23972.8 -03354.2 -07.9649 24206.3
 20 03 2015  21 06  -17.5109 23973.1 -03354.2 -07.9647 24206.6
 20 03 2015  21 07  -17.5105 23973.3 -03353.9 -07.9640 24206.8
 20 03 2015  21 08  -17.5102 23973.6 -03354.1 -07.9644 24207.1
 20 03 2015  21 09  -17.5098 23974.1 -03354.1 -07.9643 24207.6
 20 03 2015  21 10  -17.5098 23974.3 -03353.9 -07.9637 24207.8
 20 03 2015  21 11  -17.5101 23974.3 -03354.1 -07.9641 24207.8
 20 03 2015  21 12  -17.5103 23974.4 -03354.2 -07.9645 24207.9
 20 03 2015  21 13  -17.5108 23974.3 -03354.1 -07.9642 24207.8
 20 03 2015  21 14  -17.5113 23974.3 -03354.2 -07.9644 24207.8
 20 03 2015  21 15  -17.5117 23974.5 -03354.2 -07.9645 24208.0
 20 03 2015  21 16  -17.5124 23974.4 -03354.3 -07.9646 24207.9
 20 03 2015  21 17  -17.5129 23974.0 -03354.4 -07.9649 24207.5
 20 03 2015  21 18  -17.5136 23973.4 -03354.6 -07.9656 24206.9
 20 03 2015  21 19  -17.5140 23972.8 -03354.7 -07.9662 24206.4
 20 03 2015  21 20  -17.5146 23972.3 -03354.9 -07.9666 24205.9
 20 03 2015  21 21  -17.5151 23971.6 -03355.1 -07.9674 24205.3
 20 03 2015  21 22  -17.5156 23971.0 -03355.1 -07.9676 24204.7
 20 03 2015  21 23  -17.5157 23970.7 -03355.0 -07.9676 24204.3
 20 03 2015  21 24  -17.5160 23970.2 -03355.2 -07.9681 24203.9
 20 03 2015  21 25  -17.5160 23969.5 -03355.4 -07.9688 24203.2
 20 03 2015  21 26  -17.5159 23968.8 -03355.5 -07.9693 24202.5
 20 03 2015  21 27  -17.5158 23968.1 -03355.7 -07.9699 24201.8
 20 03 2015  21 28  -17.5157 23967.6 -03355.7 -07.9702 24201.4
 20 03 2015  21 29  -17.5157 23967.2 -03355.8 -07.9706 24201.0
 20 03 2015  21 30  -17.5154 23967.2 -03355.8 -07.9705 24201.0
 20 03 2015  21 31  -17.5147 23967.6 -03355.7 -07.9701 24201.4
 20 03 2015  21 32  -17.5142 23967.5 -03355.7 -07.9701 24201.3
 20 03 2015  21 33  -17.5140 23967.3 -03355.8 -07.9705 24201.1
 20 03 2015  21 34  -17.5140 23967.1 -03356.1 -07.9713 24200.9
 20 03 2015  21 35  -17.5142 23966.7 -03356.2 -07.9715 24200.6
 20 03 2015  21 36  -17.5143 23966.7 -03356.3 -07.9719 24200.6
 20 03 2015  21 37  -17.5143 23966.7 -03356.6 -07.9726 24200.6
 20 03 2015  21 38  -17.5143 23966.3 -03356.8 -07.9731 24200.2
 20 03 2015  21 39  -17.5141 23966.3 -03356.7 -07.9729 24200.2
 20 03 2015  21 40  -17.5138 23965.4 -03357.1 -07.9743 24199.4
 20 03 2015  21 41  -17.5133 23965.4 -03357.3 -07.9746 24199.4
 20 03 2015  21 42  -17.5130 23965.5 -03357.2 -07.9743 24199.5
 20 03 2015  21 43  -17.5130 23965.1 -03357.4 -07.9750 24199.2
 20 03 2015  21 44  -17.5127 23964.8 -03357.5 -07.9753 24198.8
 20 03 2015  21 45  -17.5123 23965.1 -03357.5 -07.9753 24199.1
 20 03 2015  21 46  -17.5117 23965.5 -03357.5 -07.9750 24199.6
 20 03 2015  21 47  -17.5112 23965.5 -03357.5 -07.9751 24199.6
 20 03 2015  21 48  -17.5114 23965.0 -03357.9 -07.9763 24199.1
 20 03 2015  21 49  -17.5118 23964.6 -03358.2 -07.9770 24198.7
 20 03 2015  21 50  -17.5124 23964.4 -03358.4 -07.9775 24198.5
 20 03 2015  21 51  -17.5127 23964.4 -03358.6 -07.9779 24198.6
 20 03 2015  21 52  -17.5126 23964.8 -03358.5 -07.9776 24199.0
 20 03 2015  21 53  -17.5127 23964.8 -03358.6 -07.9778 24199.0
 20 03 2015  21 54  -17.5129 23964.7 -03358.7 -07.9781 24198.9
 20 03 2015  21 55  -17.5133 23964.6 -03358.9 -07.9787 24198.8
 20 03 2015  21 56  -17.5139 23964.3 -03359.1 -07.9793 24198.6
 20 03 2015  21 57  -17.5145 23964.4 -03359.1 -07.9792 24198.6
 20 03 2015  21 58  -17.5149 23964.6 -03359.3 -07.9796 24198.9
 20 03 2015  21 59  -17.5147 23965.1 -03359.0 -07.9787 24199.3
 20 03 2015  22 00  -17.5149 23964.8 -03359.4 -07.9797 24199.1
 20 03 2015  22 01  -17.5153 23964.9 -03359.0 -07.9789 24199.2
 20 03 2015  22 02  -17.5151 23965.2 -03359.0 -07.9786 24199.5
 20 03 2015  22 03  -17.5152 23965.2 -03359.7 -07.9803 24199.5
 20 03 2015  22 04  -17.5155 23965.2 -03360.0 -07.9810 24199.6
 20 03 2015  22 05  -17.5157 23965.2 -03360.2 -07.9815 24199.7
 20 03 2015  22 06  -17.5161 23965.2 -03360.3 -07.9816 24199.7
 20 03 2015  22 07  -17.5170 23965.1 -03360.3 -07.9817 24199.6
 20 03 2015  22 08  -17.5182 23964.8 -03361.0 -07.9834 24199.3
 20 03 2015  22 09  -17.5195 23964.1 -03361.4 -07.9846 24198.7
 20 03 2015  22 10  -17.5202 23963.8 -03361.3 -07.9846 24198.4
 20 03 2015  22 11  -17.5206 23963.7 -03361.2 -07.9843 24198.2
 20 03 2015  22 12  -17.5215 23963.1 -03361.6 -07.9854 24197.7
 20 03 2015  22 13  -17.5227 23962.3 -03361.8 -07.9861 24197.0
 20 03 2015  22 14  -17.5237 23961.7 -03362.1 -07.9870 24196.4
 20 03 2015  22 15  -17.5244 23961.1 -03362.0 -07.9871 24195.8
 20 03 2015  22 16  -17.5249 23960.4 -03362.2 -07.9877 24195.1
 20 03 2015  22 17  -17.5260 23959.6 -03362.5 -07.9887 24194.4
 20 03 2015  22 18  -17.5270 23959.0 -03362.4 -07.9887 24193.8
 20 03 2015  22 19  -17.5280 23958.2 -03362.7 -07.9897 24193.0
 20 03 2015  22 20  -17.5298 23957.1 -03362.9 -07.9906 24192.0
 20 03 2015  22 21  -17.5310 23956.5 -03363.0 -07.9908 24191.4
 20 03 2015  22 22  -17.5319 23956.0 -03362.9 -07.9909 24190.9
 20 03 2015  22 23  -17.5332 23955.5 -03363.1 -07.9915 24190.4
 20 03 2015  22 24  -17.5351 23954.7 -03363.4 -07.9924 24189.7
 20 03 2015  22 25  -17.5369 23953.9 -03363.5 -07.9930 24188.9
 20 03 2015  22 26  -17.5382 23953.1 -03363.7 -07.9936 24188.1
 20 03 2015  22 27  -17.5397 23952.2 -03363.9 -07.9944 24187.2
 20 03 2015  22 28  -17.5407 23951.5 -03363.9 -07.9947 24186.6
 20 03 2015  22 29  -17.5418 23951.0 -03363.8 -07.9946 24186.1
 20 03 2015  22 30  -17.5429 23950.8 -03363.8 -07.9947 24185.9
 20 03 2015  22 31  -17.5439 23950.5 -03363.9 -07.9950 24185.5
 20 03 2015  22 32  -17.5457 23949.6 -03364.1 -07.9957 24184.7
 20 03 2015  22 33  -17.5470 23949.1 -03364.1 -07.9960 24184.2
 20 03 2015  22 34  -17.5482 23948.9 -03364.1 -07.9960 24184.1
 20 03 2015  22 35  -17.5492 23948.3 -03364.2 -07.9964 24183.5
 20 03 2015  22 36  -17.5504 23947.6 -03364.3 -07.9969 24182.8
 20 03 2015  22 37  -17.5510 23947.3 -03364.2 -07.9969 24182.4
 20 03 2015  22 38  -17.5520 23946.7 -03364.2 -07.9971 24181.8
 20 03 2015  22 39  -17.5527 23946.3 -03364.4 -07.9976 24181.5
 20 03 2015  22 40  -17.5530 23946.1 -03364.3 -07.9973 24181.3
 20 03 2015  22 41  -17.5536 23945.7 -03364.3 -07.9975 24180.9
 20 03 2015  22 42  -17.5538 23945.6 -03364.0 -07.9969 24180.8
 20 03 2015  22 43  -17.5547 23945.5 -03364.0 -07.9970 24180.6
 20 03 2015  22 44  -17.5561 23945.1 -03364.2 -07.9975 24180.3
 20 03 2015  22 45  -17.5569 23944.8 -03364.2 -07.9976 24179.9
 20 03 2015  22 46  -17.5575 23944.8 -03364.2 -07.9975 24180.0
 20 03 2015  22 47  -17.5580 23945.0 -03364.1 -07.9974 24180.1
 20 03 2015  22 48  -17.5587 23945.0 -03364.2 -07.9975 24180.2
 20 03 2015  22 49  -17.5593 23945.2 -03364.1 -07.9972 24180.4
 20 03 2015  22 50  -17.5597 23945.4 -03363.9 -07.9967 24180.6
 20 03 2015  22 51  -17.5600 23945.5 -03363.9 -07.9966 24180.6
 20 03 2015  22 52  -17.5605 23945.8 -03363.9 -07.9966 24181.0
 20 03 2015  22 53  -17.5617 23945.4 -03363.9 -07.9967 24180.5
 20 03 2015  22 54  -17.5621 23945.3 -03364.3 -07.9976 24180.4
 20 03 2015  22 55  -17.5619 23945.6 -03363.9 -07.9967 24180.7
 20 03 2015  22 56  -17.5618 23945.9 -03363.8 -07.9963 24181.0
 20 03 2015  22 57  -17.5613 23946.4 -03363.7 -07.9958 24181.5
 20 03 2015  22 58  -17.5605 23947.1 -03363.4 -07.9950 24182.2
 20 03 2015  22 59  -17.5598 23947.5 -03363.5 -07.9951 24182.5
 20 03 2015  23 00  -17.5590 23947.3 -03363.6 -07.9952 24182.4
 20 03 2015  23 01  -17.5582 23946.9 -03363.3 -07.9947 24181.9
 20 03 2015  23 02  -17.5578 23946.6 -03363.6 -07.9956 24181.7
 20 03 2015  23 03  -17.5573 23946.5 -03363.3 -07.9950 24181.5
 20 03 2015  23 04  -17.5567 23946.3 -03363.2 -07.9948 24181.4
 20 03 2015  23 05  -17.5561 23946.4 -03363.0 -07.9944 24181.4
 20 03 2015  23 06  -17.5554 23946.5 -03363.0 -07.9942 24181.5
 20 03 2015  23 07  -17.5549 23946.4 -03363.1 -07.9945 24181.4
 20 03 2015  23 08  -17.5543 23946.3 -03362.9 -07.9941 24181.3
 20 03 2015  23 09  -17.5536 23946.5 -03362.7 -07.9936 24181.5
 20 03 2015  23 10  -17.5531 23946.5 -03362.7 -07.9935 24181.5
 20 03 2015  23 11  -17.5529 23946.2 -03362.8 -07.9939 24181.2
 20 03 2015  23 12  -17.5525 23945.5 -03362.9 -07.9944 24180.5
 20 03 2015  23 13  -17.5518 23945.2 -03362.8 -07.9943 24180.2
 20 03 2015  23 14  -17.5512 23945.0 -03362.7 -07.9940 24180.0
 20 03 2015  23 15  -17.5502 23944.8 -03362.6 -07.9938 24179.7
 20 03 2015  23 16  -17.5491 23944.5 -03362.5 -07.9937 24179.5
 20 03 2015  23 17  -17.5484 23944.2 -03362.6 -07.9940 24179.2
 20 03 2015  23 18  -17.5476 23943.8 -03362.6 -07.9943 24178.8
 20 03 2015  23 19  -17.5465 23943.4 -03362.6 -07.9942 24178.4
 20 03 2015  23 20  -17.5458 23943.3 -03362.4 -07.9938 24178.2
 20 03 2015  23 21  -17.5448 23943.5 -03362.4 -07.9938 24178.4
 20 03 2015  23 22  -17.5438 23944.0 -03362.1 -07.9930 24178.9
 20 03 2015  23 23  -17.5426 23944.3 -03362.1 -07.9929 24179.2
 20 03 2015  23 24  -17.5416 23944.3 -03362.0 -07.9926 24179.2
 20 03 2015  23 25  -17.5407 23944.0 -03362.3 -07.9934 24178.9
 20 03 2015  23 26  -17.5398 23943.8 -03362.2 -07.9932 24178.8
 20 03 2015  23 27  -17.5390 23943.8 -03362.2 -07.9933 24178.7
 20 03 2015  23 28  -17.5384 23943.6 -03362.2 -07.9933 24178.5
 20 03 2015  23 29  -17.5379 23943.5 -03362.3 -07.9935 24178.4
 20 03 2015  23 30  -17.5376 23943.3 -03362.3 -07.9935 24178.2
 20 03 2015  23 31  -17.5374 23943.1 -03362.2 -07.9934 24178.1
 20 03 2015  23 32  -17.5369 23943.1 -03362.4 -07.9940 24178.0
 20 03 2015  23 33  -17.5367 23943.0 -03362.4 -07.9939 24178.0
 20 03 2015  23 34  -17.5365 23942.9 -03362.4 -07.9940 24177.8
 20 03 2015  23 35  -17.5360 23942.6 -03362.3 -07.9938 24177.5
 20 03 2015  23 36  -17.5353 23942.0 -03362.4 -07.9942 24177.0
 20 03 2015  23 37  -17.5351 23941.4 -03362.5 -07.9948 24176.3
 20 03 2015  23 38  -17.5345 23941.0 -03362.4 -07.9947 24176.0
 20 03 2015  23 39  -17.5335 23940.8 -03362.1 -07.9940 24175.7
 20 03 2015  23 40  -17.5324 23940.9 -03361.9 -07.9934 24175.8
 20 03 2015  23 41  -17.5317 23940.9 -03362.1 -07.9940 24175.9
 20 03 2015  23 42  -17.5316 23940.5 -03362.2 -07.9942 24175.5
 20 03 2015  23 43  -17.5316 23940.3 -03362.2 -07.9943 24175.2
 20 03 2015  23 44  -17.5321 23939.9 -03362.3 -07.9947 24174.9
 20 03 2015  23 45  -17.5326 23940.0 -03362.2 -07.9944 24174.9
 20 03 2015  23 46  -17.5335 23940.3 -03362.2 -07.9944 24175.3
 20 03 2015  23 47  -17.5346 23940.8 -03362.1 -07.9939 24175.7
 20 03 2015  23 48  -17.5356 23941.2 -03362.0 -07.9937 24176.1
 20 03 2015  23 49  -17.5360 23941.4 -03362.2 -07.9940 24176.3
 20 03 2015  23 50  -17.5361 23941.4 -03362.3 -07.9943 24176.3
 20 03 2015  23 51  -17.5360 23941.5 -03362.2 -07.9940 24176.5
 20 03 2015  23 52  -17.5362 23941.6 -03362.1 -07.9938 24176.6
 20 03 2015  23 53  -17.5366 23941.7 -03362.3 -07.9941 24176.7
 20 03 2015  23 54  -17.5372 23941.9 -03362.1 -07.9936 24176.9
